19	4
289	289
66	346
363	33	0.357723
369	35	1.09673
362	28	1.55974
371	27	1.9347
365	32	0.451198
56	30	0.228627
57	22	0.60168
55	29	0.237637
55	22	0.34951
57	27	0.901425
119	330	1.49934
124	325	0.512558
119	334	0.342333
123	327	0.253029
125	329	0.899917
347	382	1.3862
345	379	0.257033
343	380	0.629392
352	373	3.4129
0.30413	0.368034	0.449569	0.49063	0.382977	0.324095	0.371804	0.305189	0.373866	0.323142	0.47334	0.342879	0.451294	0.462178	0.338954	0.406242	0.39083	0.431341	0.464216
0.431083	0.526714	0.517945	0.541282	0.485999	0.446356	0.417049	0.474604	0.565238	0.417763	0.551446	0.437181	0.545327	0.524357	0.518315	0.549194	0.494451	0.576402	0.571234
