19	4
204	16
39	235
289	133	1.0319
283	124	0.566912
290	125	1.51721
283	126	0.163562
288	130	0.193058
20	309	1.17076
16	305	0.215395
16	308	0.315983
14	311	1.24421
18	303	0.820862
361	378	0.241311
360	381	0.204951
361	381	0.220866
355	376	1.77669
365	377	1.7142
87	81	0.396684
84	80	0.8494
89	74	2.16979
89	80	0.202539
0.327751	0.426804	0.406433	0.484876	0.382275	0.311985	0.396667	0.420144	0.310259	0.486304	0.399911	0.454497	0.337616	0.410056	0.324239	0.36748	0.339788	0.351012	0.421459
0.588655	0.591099	0.425945	0.427301	0.554003	0.540912	0.495291	0.568505	0.45587	0.571977	0.419858	0.577602	0.424207	0.448919	0.585026	0.470889	0.572581	0.439263	0.439989
