19	4
147	132
204	272
366	153	0.30663
363	157	1.71626
369	157	0.755872
363	148	1.71968
373	151	1.8804
237	12	0.701002
242	6	0.566388
240	6	0.316891
239	8	0.763871
237	15	0.325111
35	221	0.317125
37	216	1.19731
36	222	0.351273
31	217	1.18456
34	215	0.325836
291	351	0.903306
293	356	1.22636
286	358	1.96572
291	359	0.299495
0.420334	0.452495	0.422477	0.47533	0.368652	0.392364	0.480929	0.328459	0.458141	0.331813	0.342647	0.477622	0.428512	0.411498	0.442851	0.484427	0.393884	0.302686	0.342238
0.547321	0.425569	0.433601	0.465024	0.543095	0.501979	0.524346	0.542963	0.449179	0.599411	0.472847	0.553218	0.438444	0.538365	0.44659	0.421512	0.453765	0.401482	0.49117
