25	5
499	99
121	353
41	464	1.98175
40	459	0.209508
43	456	1.66625
35	455	1.35145
37	460	0.344426
74	10	1.28883
78	11	0.215859
78	8	0.173676
80	10	0.695363
77	8	0.172971
393	497	0.233783
401	490	0.797464
401	498	2.51206
394	491	2.23464
392	499	0.823302
448	122	2.06467
448	128	0.348635
455	127	1.18262
445	129	0.781253
452	127	0.230445
202	229	0.698539
205	233	0.900732
200	227	0.218422
206	229	0.678228
199	226	0.353337
0.40093	0.356798	0.418219	0.371822	0.412284	0.462232	0.459361	0.435174	0.43144	0.351409	0.380363	0.436229	0.305024	0.479263	0.483776	0.391718	0.454529	0.31846	0.4566	0.305516	0.492416	0.470969	0.374025	0.374069	0.451561
0.425407	0.412942	0.516344	0.46471	0.452715	0.525525	0.444432	0.563902	0.513457	0.525826	0.506532	0.401409	0.440418	0.430074	0.40254	0.507144	0.515312	0.586525	0.53353	0.438721	0.461796	0.455416	0.402725	0.485097	0.593724
