25	5
421	441
57	326
4	6	0.553944
-1	0	0.172905
0	2	0.614968
2	6	0.181176
0	-3	0.833812
249	421	0.708669
246	423	0.947346
253	421	0.384936
252	422	0.165173
250	425	0.914266
34	257	0.393654
31	258	0.837002
35	261	1.23016
35	254	0.695642
32	252	0.779383
374	11	0.663288
370	8	0.213192
367	12	1.99929
372	4	1.22868
372	11	0.202362
474	291	1.45656
472	286	0.21948
473	286	0.162073
470	286	0.244947
470	281	1.45183
0.364711	0.34168	0.368876	0.41913	0.435073	0.385759	0.443147	0.386132	0.499126	0.458048	0.316895	0.343087	0.473665	0.378245	0.394721	0.363134	0.302659	0.438039	0.35183	0.438423	0.465597	0.482938	0.338746	0.491315	0.426489
0.504063	0.425213	0.503001	0.475769	0.499685	0.466066	0.487466	0.521553	0.423666	0.493199	0.54172	0.587159	0.404134	0.524609	0.444146	0.451211	0.582778	0.464405	0.577726	0.440535	0.516641	0.501274	0.480762	0.533042	0.53295
