25	5
133	277
423	439
366	48	1.9315
365	40	0.640862
368	38	0.787938
366	42	0.157884
374	41	1.83568
224	298	0.589075
222	292	1.99152
214	294	1.50772
222	297	0.227711
217	297	0.230654
500	300	0.57627
497	304	1.76958
502	301	0.183496
498	300	0.250299
502	302	0.242115
29	74	1.07526
32	73	0.433385
29	79	0.884271
35	78	1.45783
32	81	0.408553
-3	474	1.71338
6	480	0.224967
1	478	0.208555
0	481	1.13136
6	479	0.175941
0.394389	0.470735	0.468458	0.460079	0.337586	0.460706	0.411879	0.374404	0.356929	0.476057	0.351066	0.476174	0.393448	0.357096	0.418053	0.366	0.309466	0.497355	0.417974	0.449857	0.44601	0.499996	0.480888	0.465862	0.361644
0.469559	0.513545	0.449003	0.473715	0.501782	0.487721	0.546273	0.441318	0.452008	0.551784	0.445474	0.533002	0.5232	0.539814	0.55552	0.524357	0.542047	0.413792	0.57516	0.522751	0.573923	0.544374	0.457831	0.428988	0.485736
