25	5
227	360
293	411
499	268	0.673259
499	275	0.332415
498	273	0.528966
501	273	0.606766
497	268	0.213885
36	182	0.180243
35	183	0.423417
42	176	0.507068
32	174	3.67714
42	174	0.172646
31	448	0.413229
32	447	0.16847
33	443	0.386439
33	447	0.231528
32	444	0.171676
313	453	1.17394
309	446	1.18709
316	447	1.40498
312	449	0.389578
308	454	0.855963
439	17	2.14594
437	9	0.836178
439	8	0.165822
440	12	0.242935
441	8	0.623681
0.338818	0.45611	0.370237	0.321217	0.335921	0.339575	0.399923	0.488743	0.431564	0.487121	0.457086	0.497395	0.356888	0.358778	0.432719	0.344643	0.452666	0.499753	0.322899	0.457932	0.456227	0.488502	0.48946	0.442936	0.496104
0.496987	0.49683	0.589443	0.43787	0.446213	0.568525	0.475962	0.421034	0.57162	0.557471	0.452544	0.540867	0.404498	0.516381	0.569008	0.517888	0.477324	0.596371	0.455344	0.413729	0.58086	0.524735	0.591891	0.46518	0.495312
