25	5
446	351
433	20
464	312	0.634834
461	312	0.467975
462	309	0.624008
467	305	1.25335
461	305	1.10806
401	30	0.649489
394	33	0.810243
401	38	2.33953
397	30	0.723683
393	29	0.751323
184	255	1.21159
179	265	0.218076
175	265	1.25824
183	263	1.83164
180	255	0.240075
47	4	2.3802
53	3	0.18076
54	3	0.188555
55	-4	2.80361
47	-3	0.765382
13	489	0.719806
15	484	1.24789
11	489	0.174985
11	485	0.185333
7	490	1.09605
0.342846	0.462279	0.414539	0.331903	0.381174	0.433964	0.422424	0.344178	0.311308	0.439094	0.456706	0.31165	0.439287	0.438361	0.401441	0.480704	0.466358	0.402394	0.48249	0.300345	0.418896	0.429149	0.305526	0.415091	0.487333
0.528604	0.585453	0.516403	0.54873	0.544685	0.470974	0.507008	0.593809	0.42069	0.575033	0.484304	0.4699	0.483749	0.54564	0.586494	0.488313	0.472779	0.424912	0.40347	0.587832	0.503814	0.593228	0.546382	0.463766	0.569778
