16	3
251	17
101	93
105	65	0.212362
115	61	0.329596
106	70	1.60024
113	68	1.29271
112	61	1.11911
105	61	1.4564
296	198	1.75293
291	194	0.726731
298	188	2.86189
291	191	0.314778
289	190	0.612783
132	251	0.330558
131	250	0.215917
135	250	0.780253
135	253	0.22706
128	254	1.4498
0.321324	0.305367	0.485691	0.414869	0.467495	0.416307	0.457139	0.438489	0.314558	0.48004	0.467934	0.315865	0.440061	0.399174	0.328066	0.337149
0.420161	0.404875	0.581201	0.537761	0.431139	0.587021	0.595291	0.46975	0.414372	0.556764	0.525292	0.485358	0.519566	0.545472	0.451719	0.53978
