16	3
66	90
275	277
86	126	1.92309
77	124	0.676963
83	130	0.211619
84	130	0.153859
76	122	0.246257
79	129	1.7264
166	313	0.225659
169	312	1.27066
170	308	0.15699
168	306	0.70005
163	314	0.996065
264	116	0.408454
271	113	0.164089
270	118	1.97382
271	111	0.451674
264	109	2.53045
0.368699	0.397847	0.395085	0.419585	0.322958	0.409812	0.359681	0.348112	0.3911	0.327837	0.399009	0.487877	0.406399	0.333264	0.436433	0.30344
0.579828	0.577972	0.559233	0.538959	0.518435	0.57517	0.536679	0.439794	0.424836	0.58729	0.483015	0.560104	0.594669	0.512437	0.435967	0.576931
