25
42	68
4.34613	3.71405	4.17177	3.33333	2.848	4.06765	2.00617	3.11035	3.7437	4.8214	2.848	5.26163	5.69227	5.58768	8.69227	4.71405	4.38432	4.38432	4.69227	3.06765	3.93622	6.79869	4.34613	6.79869	5.33333	
135	101
170	125
79	159
163	65
106	146
82	28
162	92
196	143
28	37
192	5
103	154
93	183
22	117
119	96
48	127
172	139
70	113
68	100
36	95
104	12
123	134
74	65
142	112
54	69
148	45
0.00001	0.000001	0.000001	0.000001	0.000001	0.00001	0.000001	0.00001	0000.001	0.000001	0.000001	0.000001	0.000001	0.000001	0.000001	0.000001	0.0000001	0.000001	0.000001	0.000001	0.000001	0.000001	0.000001	0.000001	0.0000001	
100000	100000	100000	100000	100000	100000	100000	100000	100000	100000	100000	100000	100000	100000	100000	100000	100000	100000	100000	100000	100000	100000	100000	100000	100000	