21	5
252	341
202	127
399	8	2.25115
392	8	0.245783
397	0	1.01173
400	0	0.443009
390	4	1.13998
3	36	2.41887
9	32	0.242768
3	30	0.190768
11	34	1.11743
194	141	1.56908
197	145	0.822811
193	147	1.03887
202	140	1.64496
414	366	0.305918
414	373	1.58141
413	365	0.163926
411	369	0.189773
131	404	2.84751
124	410	0.217878
124	411	0.198815
123	404	0.164521
0.399726	0.468627	0.384926	0.450885	0.477069	0.482892	0.468324	0.353841	0.492904	0.325485	0.430116	0.408085	0.416813	0.47748	0.350009	0.370324	0.382307	0.314707	0.335643	0.473163	0.370825
0.509833	0.552202	0.502635	0.538038	0.466273	0.576438	0.548469	0.472783	0.536801	0.412495	0.588522	0.597299	0.594205	0.469283	0.401618	0.477781	0.469068	0.532965	0.431423	0.428814	0.494281
