21	5
331	384
228	319
123	413	1.84293
122	408	0.224969
117	405	0.15832
124	404	1.88095
114	403	1.26796
5	218	0.735784
12	211	2.36702
5	214	0.868458
5	211	0.586471
392	169	0.183015
398	172	2.17153
397	166	0.228417
391	169	0.239363
384	409	1.16259
384	403	1.00228
376	408	2.39546
384	406	0.231879
144	7	1.57172
151	12	2.27653
143	13	1.17049
149	5	0.89852
0.390152	0.327602	0.489232	0.462666	0.351574	0.438138	0.354086	0.304628	0.419313	0.482278	0.428324	0.321078	0.306682	0.416187	0.310331	0.413689	0.447554	0.489568	0.428548	0.39111	0.487573
0.473377	0.574368	0.474924	0.477001	0.510256	0.515754	0.424928	0.429937	0.524078	0.479455	0.596013	0.429597	0.5755	0.5146	0.464019	0.558659	0.456222	0.490608	0.540633	0.424022	0.404766
