21	5
101	254
172	215
250	196	0.283617
244	201	1.02934
246	198	0.247691
252	194	0.598205
246	193	1.30805
23	30	4.22134
29	20	0.950291
32	22	0.223799
32	23	0.195903
388	425	0.747812
389	416	3.09788
395	419	0.219659
390	425	0.179307
365	19	0.212699
361	22	0.633638
361	20	0.181498
366	15	1.50893
3	284	1.087
3	280	0.176125
11	286	0.291235
10	287	0.182249
0.390021	0.332039	0.436126	0.394498	0.444687	0.411302	0.425873	0.358367	0.417328	0.361293	0.335202	0.420943	0.459799	0.441285	0.407978	0.35744	0.453532	0.395279	0.457654	0.330614	0.318618
0.52329	0.468695	0.561168	0.569254	0.432722	0.476437	0.526714	0.589733	0.507726	0.533956	0.472092	0.495635	0.445466	0.401398	0.423513	0.525504	0.559918	0.580258	0.505619	0.43138	0.476115
