21	5
232	394
376	200
387	424	1.13835
384	416	1.77085
385	421	0.175954
391	420	0.938027
391	417	0.157335
177	376	0.798397
180	376	0.394905
174	374	0.624976
179	368	2.89546
327	195	1.25376
328	201	0.213211
322	203	2.52641
328	202	0.231412
27	131	1.04756
30	132	0.156057
25	137	0.308212
24	136	0.246171
223	5	0.213423
224	8	1.26857
217	8	1.21218
221	9	0.195843
0.368128	0.484261	0.32102	0.314466	0.33414	0.343384	0.347627	0.390178	0.30865	0.301446	0.439969	0.418456	0.451332	0.301218	0.352768	0.430929	0.47795	0.315584	0.309121	0.387736	0.323599
0.451998	0.432467	0.470193	0.597599	0.514214	0.422998	0.585946	0.41186	0.445838	0.400957	0.499754	0.535173	0.558721	0.423727	0.526241	0.567249	0.555481	0.426444	0.558643	0.402564	0.584597
