21	5
16	217
405	356
402	405	0.170085
402	400	1.597
412	399	1.06282
411	396	0.206461
402	404	0.23919
138	29	0.167996
140	35	1.59349
137	30	0.30665
139	30	0.210318
8	406	0.229779
3	404	1.0154
6	404	0.17059
7	409	0.824898
409	48	1.32764
409	55	0.438708
410	54	0.169209
412	47	0.151602
212	268	1.31668
211	262	0.232074
206	262	2.23635
214	265	0.239259
0.374384	0.339347	0.464452	0.341528	0.416232	0.375566	0.452639	0.438292	0.334518	0.323014	0.400691	0.334712	0.372758	0.411456	0.31799	0.320566	0.485638	0.441024	0.325461	0.374598	0.499516
0.441945	0.554603	0.431061	0.474079	0.430568	0.474026	0.415329	0.470932	0.403511	0.463743	0.475135	0.519231	0.425083	0.503633	0.495305	0.57068	0.575499	0.500751	0.465752	0.58473	0.541329
