26	5
478	266
328	372
53	510	0.659654
59	508	2.04099
52	516	0.427032
61	516	1.17999
51	517	0.164389
55	511	0.164251
258	79	1.23176
262	77	0.173985
263	78	0.394962
264	75	0.16312
264	74	0.16576
456	482	0.477826
452	483	0.921818
460	487	1.99536
455	480	0.37271
461	480	0.844621
7	170	0.184593
4	172	0.249667
5	175	0.998093
6	170	0.233649
4	171	0.19483
513	217	0.207115
512	211	0.200913
512	219	0.578127
512	215	0.575694
513	211	0.228876
0.460061	0.405778	0.497069	0.390179	0.443962	0.392593	0.393697	0.353997	0.48557	0.495946	0.322445	0.482189	0.405186	0.341776	0.382231	0.387067	0.373844	0.384185	0.480265	0.326009	0.385999	0.382461	0.468268	0.481238	0.478907	0.328866
0.589781	0.469777	0.454414	0.584428	0.536969	0.531375	0.475373	0.56421	0.43756	0.462509	0.544005	0.562021	0.406035	0.587016	0.541677	0.576051	0.451267	0.426426	0.501571	0.470686	0.590528	0.451081	0.443056	0.452649	0.447615	0.477569
