26	5
422	220
463	251
119	480	0.422476
119	478	0.339152
118	474	1.09235
121	477	0.650974
123	480	0.791322
123	474	1.06432
430	504	1.14471
429	508	0.238923
425	510	0.839924
428	509	0.277531
431	513	1.72878
221	21	1.25573
219	18	0.277202
213	20	1.28625
216	12	2.26493
211	16	0.545813
446	143	0.225218
455	144	0.988832
452	142	0.224451
448	146	1.09428
447	138	1.74917
13	181	1.08874
14	174	2.0078
10	182	0.279563
6	181	1.63303
9	177	0.384364
0.391249	0.495228	0.416071	0.429426	0.497437	0.4092	0.447263	0.34448	0.495406	0.495858	0.328559	0.416328	0.47636	0.474146	0.346652	0.460421	0.43549	0.442089	0.389909	0.387817	0.498493	0.343659	0.382131	0.342743	0.336436	0.320059
0.588484	0.574074	0.598074	0.426866	0.582575	0.507636	0.589657	0.402856	0.502992	0.574646	0.579765	0.576733	0.445015	0.476632	0.434149	0.447785	0.480013	0.430604	0.507677	0.537848	0.518298	0.425047	0.452419	0.52295	0.505694	0.483727
