26	5
346	437
74	287
314	24	0.165948
315	24	0.18278
324	31	0.304551
323	23	2.43673
319	31	0.547565
318	29	0.169352
506	498	0.425267
500	508	2.62233
507	504	0.302414
506	502	0.5595
505	499	0.167022
264	372	0.286689
271	374	1.29185
265	377	1.90851
270	378	0.598195
263	373	0.203688
39	492	1.47901
34	498	0.225906
34	497	0.181359
41	495	0.219124
35	497	0.234605
17	159	1.14669
23	156	1.11837
20	159	0.164274
23	152	0.356361
21	152	0.388385
0.400318	0.451848	0.358942	0.395238	0.382515	0.352825	0.484224	0.475573	0.455977	0.310466	0.449691	0.406188	0.374191	0.43663	0.378071	0.334153	0.352352	0.344394	0.373297	0.481205	0.452245	0.458489	0.403915	0.402556	0.351601	0.306543
0.598953	0.572466	0.5338	0.553358	0.468782	0.497702	0.534885	0.493286	0.459596	0.51172	0.47561	0.557631	0.547843	0.408662	0.488632	0.551142	0.462446	0.424742	0.574694	0.521703	0.506321	0.480113	0.522679	0.500145	0.459817	0.413055
