26	5
160	337
302	367
68	333	0.228857
65	335	1.40901
73	336	0.209936
73	335	0.153911
73	330	0.219643
69	329	1.74464
421	444	1.56561
419	450	0.812462
415	447	1.30239
415	441	0.237898
413	441	0.617971
300	27	0.239352
304	22	0.892451
301	30	1.29293
298	21	1.63442
299	26	0.448687
505	196	0.61648
504	192	0.500425
512	196	0.694004
504	194	0.224599
511	198	0.230065
18	48	0.249653
20	39	0.632016
14	48	1.49463
18	40	0.175668
20	45	1.27556
0.475584	0.396724	0.307357	0.30068	0.420361	0.354469	0.331738	0.301258	0.493617	0.498405	0.322184	0.396324	0.308897	0.413471	0.49132	0.40926	0.450173	0.410613	0.489	0.427566	0.3308	0.365256	0.447849	0.430486	0.306921	0.339349
0.571271	0.552664	0.580895	0.417691	0.519967	0.594247	0.57786	0.594511	0.478885	0.505519	0.447658	0.502316	0.437184	0.448603	0.467325	0.493975	0.462824	0.436158	0.590509	0.456969	0.580182	0.540087	0.493213	0.56468	0.586869	0.520971
