20	4
127	215
7	327
35	212	0.211966
35	211	0.172595
29	212	0.392191
27	214	0.661133
31	215	1.18639
318	182	1.2096
321	183	0.248161
326	183	1.50609
326	192	1.95611
319	190	1.09211
216	360	0.24346
209	359	0.944712
213	361	0.750268
209	363	0.849163
216	359	0.217919
137	44	0.845321
140	41	0.787234
137	50	1.83494
144	43	0.900952
143	48	1.19028
0.363794	0.391643	0.378459	0.455292	0.331083	0.381855	0.463786	0.375373	0.499911	0.42514	0.496009	0.455555	0.308267	0.481408	0.369765	0.343106	0.367408	0.428317	0.458777	0.327713
0.505578	0.534947	0.500091	0.51571	0.507211	0.400139	0.562987	0.510186	0.474014	0.400901	0.530049	0.523959	0.584317	0.588031	0.537701	0.482605	0.436829	0.589702	0.477614	0.493666
