20	4
112	323
278	351
318	134	0.226731
312	124	2.48013
318	133	0.243813
320	130	1.54761
313	134	1.72367
187	387	0.289369
189	384	0.481405
186	381	1.41852
186	386	0.243785
187	385	0.363866
392	388	1.21806
400	389	1.03941
397	387	0.155084
394	391	0.160526
395	395	1.75266
42	114	1.22614
46	112	0.677977
40	106	1.14507
45	114	0.196889
37	109	0.240048
0.419465	0.433512	0.337558	0.326441	0.346778	0.305068	0.484671	0.416332	0.390122	0.313202	0.442991	0.317421	0.317134	0.323876	0.370576	0.448613	0.424506	0.463626	0.455276	0.386102
0.469178	0.579742	0.522473	0.511144	0.432229	0.523627	0.515702	0.52899	0.424697	0.549943	0.463458	0.571326	0.453851	0.507914	0.574316	0.555988	0.468168	0.437074	0.410689	0.539855
