20	4
176	18
338	270
319	39	0.232731
318	43	1.24949
324	48	2.21513
324	40	1.05859
320	39	0.211334
337	388	0.371873
344	380	1.64
336	386	0.463747
343	388	1.11686
339	386	0.573781
44	87	0.32797
44	83	1.34568
50	82	1.2117
47	89	1.09981
52	87	0.834431
138	309	0.590719
141	307	1.0714
137	306	0.743791
136	300	0.491908
138	300	0.241004
0.469731	0.487102	0.361044	0.423005	0.324518	0.416535	0.422161	0.494908	0.434426	0.493234	0.434667	0.439713	0.325876	0.314203	0.386634	0.311745	0.360347	0.34829	0.457449	0.317117
0.405947	0.57139	0.472356	0.459031	0.568437	0.494675	0.437753	0.480996	0.540721	0.454238	0.556805	0.433393	0.571441	0.546768	0.524652	0.42771	0.579862	0.583569	0.51281	0.41635
