20	4
169	220
69	337
5	117	1.81018
-2	125	0.317023
4	121	0.225596
1	125	0.59255
-1	124	0.206298
368	312	0.17329
366	311	0.706899
370	307	0.787201
367	308	0.506127
367	304	1.05834
169	395	0.743185
165	390	2.36895
171	388	0.177438
170	388	0.193309
173	391	1.00853
339	14	0.798762
338	20	0.732771
338	18	0.235405
340	11	0.338048
345	12	1.30356
0.41987	0.487404	0.462486	0.46842	0.378957	0.363406	0.394136	0.371468	0.478528	0.383096	0.379934	0.342226	0.397721	0.434501	0.321518	0.334581	0.387086	0.402268	0.474553	0.382601
0.487224	0.436489	0.432217	0.485287	0.496393	0.531797	0.537152	0.568477	0.463076	0.53078	0.513237	0.438559	0.465119	0.518944	0.419293	0.469024	0.598497	0.523477	0.598905	0.458677
