20	4
399	2
371	261
47	371	0.194514
52	376	0.248636
52	381	2.18853
47	372	0.177827
53	372	1.47128
263	305	0.280821
259	299	1.63353
263	308	0.858878
266	305	0.851978
258	304	0.225868
366	116	0.746271
362	112	0.407387
360	110	0.590181
361	116	0.960199
366	108	2.04964
112	16	0.292292
113	21	1.07835
118	17	1.64887
113	17	0.186722
114	18	0.244899
0.359321	0.411848	0.455947	0.474007	0.487835	0.419967	0.469514	0.389133	0.315515	0.40203	0.367112	0.470629	0.395606	0.369609	0.44121	0.383332	0.397408	0.444552	0.484052	0.446816
0.557376	0.403787	0.559787	0.510883	0.41517	0.541441	0.43066	0.438304	0.528727	0.593765	0.473923	0.529226	0.537999	0.477455	0.468449	0.49695	0.490933	0.477472	0.437347	0.468105
