20	4
353	217
126	81
255	103	0.401361
256	98	0.246633
252	98	1.19719
260	101	1.45504
256	102	0.207836
43	376	1.0622
40	372	0.607727
34	369	2.44111
42	373	0.158923
38	373	0.190553
37	45	0.168354
35	52	0.17274
38	49	1.46436
36	53	0.275385
38	45	0.240372
365	285	0.753363
361	287	0.816585
365	293	2.20372
362	285	0.240129
370	287	1.33027
0.30667	0.39871	0.421978	0.33899	0.452216	0.420521	0.465574	0.382867	0.330047	0.450186	0.400152	0.326237	0.396394	0.363264	0.496429	0.394899	0.342617	0.447898	0.435967	0.44032
0.558988	0.559552	0.411744	0.590801	0.496237	0.473719	0.470866	0.423848	0.44145	0.425586	0.485967	0.533319	0.416491	0.488502	0.569656	0.425456	0.57224	0.584275	0.531071	0.538221
