20	4
289	236
166	302
24	377	0.549364
19	378	1.08322
21	370	2.05832
21	375	0.307962
25	375	0.212951
296	389	1.11949
288	397	0.523617
293	395	1.07712
289	395	0.318091
293	392	0.320089
170	8	0.225995
172	3	0.28887
172	5	0.472777
174	2	0.696624
171	9	0.30626
378	63	0.311031
372	59	0.567481
371	65	1.55644
376	62	0.476971
381	63	0.841885
0.421003	0.461576	0.377997	0.456559	0.365011	0.403052	0.497647	0.481419	0.313564	0.314808	0.487719	0.499811	0.304509	0.411406	0.37414	0.467846	0.302876	0.435654	0.348407	0.347986
0.584917	0.480144	0.570715	0.514545	0.51427	0.580662	0.555043	0.556495	0.490834	0.402693	0.592412	0.57415	0.403405	0.522855	0.503481	0.530518	0.558823	0.551809	0.402846	0.59831
