20	4
325	4
41	0
382	373	0.91209
378	369	0.436209
383	367	1.78574
376	368	0.490248
378	367	0.431524
10	66	1.61017
14	63	0.182398
18	66	0.86683
16	63	0.649435
16	70	1.05567
220	43	0.177849
216	41	1.03999
218	38	0.235924
220	42	0.233361
225	42	2.21307
41	348	0.770919
43	349	0.229337
40	342	0.809454
38	343	0.22482
35	345	1.48972
0.352669	0.409026	0.488905	0.442736	0.388582	0.367877	0.46553	0.479351	0.380537	0.375683	0.465214	0.4086	0.474168	0.439555	0.393639	0.498989	0.418115	0.309322	0.495278	0.371889
0.552953	0.573862	0.590173	0.438671	0.597177	0.41418	0.427528	0.473888	0.481734	0.446313	0.44489	0.554518	0.472318	0.424033	0.521378	0.452619	0.526937	0.556474	0.480776	0.510367
