24	5
150	120
461	164
10	108	0.186404
11	106	0.294366
7	101	1.44229
10	107	0.207378
3	101	0.155441
400	468	0.242519
400	470	0.46957
405	476	1.22079
404	467	1.71921
409	471	1.13116
444	221	0.395191
447	218	0.532908
445	220	0.15969
449	217	0.346372
450	220	0.96855
108	367	1.73398
112	358	1.93317
111	363	0.223247
116	363	0.658436
111	364	0.159395
273	4	0.967548
271	6	0.222347
265	5	0.855318
269	8	0.839798
0.327872	0.440895	0.487561	0.405685	0.423608	0.328976	0.337786	0.31997	0.39661	0.37868	0.431594	0.388355	0.491147	0.355636	0.465054	0.404179	0.374049	0.387439	0.450691	0.330352	0.393067	0.427974	0.311211	0.356267
0.472941	0.494261	0.50214	0.56347	0.463676	0.571316	0.567587	0.415643	0.462569	0.542602	0.587248	0.472318	0.466744	0.427602	0.446582	0.487557	0.48813	0.532115	0.457803	0.551676	0.417671	0.545042	0.534914	0.568268
