24	5
103	287
42	32
462	27	0.248341
461	26	0.425995
457	28	1.57056
462	28	0.156751
453	28	0.179547
40	434	1.53487
43	430	0.248964
40	427	0.163235
40	426	0.178443
43	424	1.4236
461	438	0.224141
456	443	2.65675
466	438	1.65052
460	435	0.391274
459	436	0.186886
134	18	0.814973
135	16	0.203395
137	15	0.457229
135	14	0.222816
135	15	0.161533
221	245	0.150219
216	248	1.19194
225	242	1.77785
219	247	0.246598
0.469927	0.304531	0.378827	0.441945	0.491267	0.375751	0.493133	0.393679	0.340588	0.405699	0.332587	0.401883	0.448441	0.370088	0.367098	0.34952	0.355094	0.356495	0.349046	0.386239	0.346063	0.303139	0.434662	0.498514
0.453244	0.4265	0.568695	0.520959	0.457349	0.484642	0.568101	0.408713	0.591091	0.580221	0.548869	0.471098	0.593676	0.471935	0.408565	0.567131	0.588743	0.424648	0.419876	0.599837	0.539372	0.508818	0.424179	0.526193
