24	5
389	122
49	203
114	7	0.582455
107	10	0.43225
110	11	0.943302
112	8	0.218055
108	8	0.486971
138	251	0.393965
140	255	1.20602
134	256	1.30638
136	259	0.287702
141	250	0.802938
14	478	2.25907
20	472	0.815192
15	472	0.169516
22	476	1.12189
16	471	0.324841
317	469	0.226588
314	472	1.5008
312	465	1.16256
316	462	0.58207
320	467	1.12784
459	90	0.245403
449	84	3.62841
459	89	0.17803
459	85	0.228208
0.336947	0.491028	0.395982	0.411325	0.381741	0.332062	0.346978	0.322939	0.324234	0.438363	0.421188	0.495882	0.444894	0.432561	0.303709	0.485686	0.328894	0.351224	0.401656	0.499881	0.430899	0.457388	0.358367	0.408282
0.430222	0.50523	0.589386	0.439284	0.581435	0.530431	0.587094	0.501447	0.497807	0.525177	0.502242	0.529709	0.476523	0.472886	0.513062	0.40429	0.411748	0.570862	0.46779	0.495418	0.413006	0.559907	0.473214	0.562064
