23
447	436
245	109
320	425	1.44049
422	325	3.50947
323	138	4.33544
146	180	7.62451
314	101	2.4282
388	111	10.2208
386	262	2.00649
11	435	24.5673
159	375	6.84392
107	424	1.41187
321	439	0.842259
288	218	11.4649
351	351	16.8005
438	367	4.00129
21	217	8.29547
359	456	10.3468
66	52	11.6978
216	31	18.3304
111	233	2.80519
401	213	9.71749
240	282	5.68213
158	454	1.54162
235	147	4.20214
0.341679	0.451114	0.40183	0.359282	0.48046	0.370043	0.448372	0.445282	0.393873	0.42859	0.318388	0.420202	0.372033	0.355884	0.435678	0.343643	0.366391	0.428285	0.380628	0.340713	0.490405	0.460952	0.383395
0.47977	0.547178	0.501598	0.517368	0.539189	0.401739	0.492335	0.52908	0.500397	0.4405	0.418855	0.467897	0.596877	0.423098	0.596123	0.435986	0.524996	0.510135	0.501095	0.528337	0.484883	0.512225	0.498656
