23
411	369
1	135
48	180	9.84426
459	498	22.1812
154	525	6.05562
497	158	9.79752
222	410	15.4706
292	349	10.269
391	134	5.98639
77	237	6.96
485	206	5.22332
311	472	11.1092
373	221	12.0245
257	199	21.1708
33	494	23.5574
331	107	1.30115
340	108	1.80092
29	248	8.03011
81	4	17.394
489	279	7.31218
200	519	5.13564
12	102	4.16962
157	243	9.55083
361	159	5.7716
155	59	9.30243
1e-06	1e-06	1e-06	1e-06	1e-06	1e-06	1e-06	1e-06	1e-06	1e-06	1e-06	1e-06	1e-06	1e-06	1e-06	1e-06	1e-06	1e-06	1e-06	1e-06	1e-06	1e-06	1e-06
100000	100000	100000	100000	100000	100000	100000	100000	100000	100000	100000	100000	100000	100000	100000	100000	100000	100000	100000	100000	100000	100000	100000
