23
47	364
373	310
111	0	28.6147
449	47	19.1791
145	267	13.0286
454	329	27.5073
0	98	18.8105
86	113	12.5
378	85	16.4023
432	452	1.9385
75	243	28.4794
384	260	17.1437
339	268	14.3746
30	423	22.0482
517	30	4.99078
223	81	28.2284
509	40	4.2904
30	142	13.5136
155	306	10.7922
437	452	1.5039
133	76	21.0988
131	320	9.95671
340	115	16.926
143	466	36.9414
53	116	11.9005
1e-06	1e-06	1e-06	1e-06	1e-06	1e-06	1e-06	1e-06	1e-06	1e-06	1e-06	1e-06	1e-06	1e-06	1e-06	1e-06	1e-06	1e-06	1e-06	1e-06	1e-06	1e-06	1e-06
100000	100000	100000	100000	100000	100000	100000	100000	100000	100000	100000	100000	100000	100000	100000	100000	100000	100000	100000	100000	100000	100000	100000
