23
255	362
492	456
167	351	13.8514
191	111	0.601869
179	408	14.6381
144	8	27.8094
260	502	1.58463
218	159	12.3706
245	467	8.27089
99	210	1.52452
226	280	5.83386
479	430	6.72798
300	300	7.98728
257	507	1.43531
110	500	27.5028
398	215	24.5919
283	161	19.2998
464	461	8.06186
314	275	7.91842
29	207	15.2083
100	205	1.07324
241	305	7.83878
439	372	18.2719
193	112	0.667118
361	461	25.4574
1e-06	1e-06	1e-06	1e-06	1e-06	1e-06	1e-06	1e-06	1e-06	1e-06	1e-06	1e-06	1e-06	1e-06	1e-06	1e-06	1e-06	1e-06	1e-06	1e-06	1e-06	1e-06	1e-06
100000	100000	100000	100000	100000	100000	100000	100000	100000	100000	100000	100000	100000	100000	100000	100000	100000	100000	100000	100000	100000	100000	100000
