23
54	69
457	254
84	5	11.0064
7	119	7.6916
373	177	1.87197
357	311	1.45769
50	186	1.14136
307	392	4.06374
65	185	1.85631
301	196	1.87883
336	257	7.01879
328	161	5.21916
35	459	17.3608
303	70	1.4629
289	338	2.14845
423	136	6.29844
212	39	6.53541
103	264	5.21828
373	340	3.49718
109	303	2.12355
351	7	16.6201
48	95	1.18905
331	365	2.17321
47	378	0.795518
223	336	13.5547
0.499104	0.421494	0.395606	0.368316	0.316512	0.401695	0.440719	0.480255	0.360958	0.487019	0.331352	0.409481	0.358062	0.459416	0.400561	0.378339	0.472957	0.333582	0.490784	0.369563	0.409155	0.499205	0.302756
0.539719	0.425184	0.552464	0.4375	0.4647	0.56209	0.544189	0.493671	0.4001	0.450002	0.436145	0.465812	0.437488	0.459067	0.455561	0.45992	0.416811	0.457362	0.545142	0.505973	0.521001	0.412636	0.54346
