23
267	242
192	208
297	210	14.93
285	524	17.02
392	75	30.589
316	251	15.9917
347	306	8.73935
328	519	16.7397
464	105	12.5862
258	258	5.71232
472	74	11.8489
312	46	20.0909
375	299	10.3555
119	24	60.5482
205	198	5.78243
351	452	21.9977
309	111	25.7842
231	185	9.9578
508	184	30.2869
6	429	56.5558
34	222	6.85878
364	377	21.9045
504	482	50.1316
26	243	8.10461
146	340	48.9783
1e-06	1e-06	1e-06	1e-06	1e-06	1e-06	1e-06	1e-06	1e-06	1e-06	1e-06	1e-06	1e-06	1e-06	1e-06	1e-06	1e-06	1e-06	1e-06	1e-06	1e-06	1e-06	1e-06
100000	100000	100000	100000	100000	100000	100000	100000	100000	100000	100000	100000	100000	100000	100000	100000	100000	100000	100000	100000	100000	100000	100000
