23
46	2
484	114
506	30	2.95669
425	455	6.91499
175	67	12.5449
379	60	12.4916
260	261	11.7532
84	130	11.4811
296	495	8.64672
484	214	12.8171
441	420	7.25193
143	122	8.18584
376	264	9.78638
338	150	16.6658
505	461	4.68769
12	358	16.4438
520	50	4.60198
402	347	10.4087
192	157	8.93449
79	412	13.1153
202	290	7.49513
469	468	6.34998
286	438	8.02178
93	311	8.00455
81	238	8.38268
1e-06	1e-06	1e-06	1e-06	1e-06	1e-06	1e-06	1e-06	1e-06	1e-06	1e-06	1e-06	1e-06	1e-06	1e-06	1e-06	1e-06	1e-06	1e-06	1e-06	1e-06	1e-06	1e-06
100000	100000	100000	100000	100000	100000	100000	100000	100000	100000	100000	100000	100000	100000	100000	100000	100000	100000	100000	100000	100000	100000	100000
