23
319	198
312	76
101	419	0.517104
460	365	12.093
127	37	10.7616
309	82	1.38635
429	47	8.47062
392	278	11.1102
53	89	5.93759
111	173	2.8011
101	455	6.07648
156	97	2.3154
297	417	10.444
16	93	0.633929
9	199	18.6547
405	26	0.877872
109	277	0.700104
221	130	15.063
100	259	2.90701
98	185	0.955968
265	277	10.4508
240	372	3.30634
92	350	12.1161
176	262	4.41595
160	203	12.8328
0.320066	0.367217	0.420279	0.493079	0.387641	0.309856	0.322425	0.353327	0.467402	0.421752	0.318203	0.493681	0.455641	0.313687	0.411221	0.465318	0.448629	0.302029	0.448483	0.441014	0.378071	0.313016	0.361177
0.487215	0.455665	0.578639	0.579525	0.485076	0.448288	0.59904	0.48651	0.496435	0.446701	0.458359	0.408996	0.444661	0.471989	0.526803	0.459557	0.457992	0.430072	0.554753	0.51412	0.574187	0.50516	0.554074
