23
457	384
370	175
462	165	23.4648
78	128	23.4391
320	381	9.78199
201	255	14.9692
412	326	19.8555
402	398	13.4798
444	256	2.61978
498	54	10.5614
298	326	16.9248
317	414	7.53157
190	309	16.0152
388	19	15.141
370	165	2.85126
251	211	19.2964
529	451	25.8268
516	19	10.752
183	88	8.05581
438	263	1.97614
157	115	7.90204
97	240	28.0294
365	64	11.0993
267	486	24.4185
383	528	27.3761
1e-06	1e-06	1e-06	1e-06	1e-06	1e-06	1e-06	1e-06	1e-06	1e-06	1e-06	1e-06	1e-06	1e-06	1e-06	1e-06	1e-06	1e-06	1e-06	1e-06	1e-06	1e-06	1e-06
100000	100000	100000	100000	100000	100000	100000	100000	100000	100000	100000	100000	100000	100000	100000	100000	100000	100000	100000	100000	100000	100000	100000
