23
249	418
134	48
420	57	2.12458
395	453	3.37786
351	176	6.69439
138	208	9.90861
181	249	3.82814
361	307	17.9141
214	128	12.8148
451	119	6.85141
441	423	7.81511
4	177	5.21433
392	203	2.33376
394	27	5.82321
102	113	5.37641
143	360	3.41047
31	200	2.43049
6	389	18.2603
110	71	2.50732
180	321	11.108
179	417	7.75337
41	269	13.7786
215	245	3.09345
200	204	1.90181
327	449	10.0208
1e-06	1e-06	1e-06	1e-06	1e-06	1e-06	1e-06	1e-06	1e-06	1e-06	1e-06	1e-06	1e-06	1e-06	1e-06	1e-06	1e-06	1e-06	1e-06	1e-06	1e-06	1e-06	1e-06
100000	100000	100000	100000	100000	100000	100000	100000	100000	100000	100000	100000	100000	100000	100000	100000	100000	100000	100000	100000	100000	100000	100000
