23
249	22
96	482
58	494	10.0042
389	329	23.1417
472	1	19.8691
252	116	15.3316
295	445	6.34015
379	216	19.2697
482	491	3.02687
298	478	4.51393
331	493	9.15732
254	333	23.2765
493	494	0.924845
34	57	14.2339
309	123	11.8652
303	424	5.40015
286	494	4.65961
23	109	14.6216
492	498	1.17627
165	90	17.221
369	440	14.6346
313	192	20.4506
174	154	14.0537
188	19	13.7037
430	53	16.3574
1e-06	1e-06	1e-06	1e-06	1e-06	1e-06	1e-06	1e-06	1e-06	1e-06	1e-06	1e-06	1e-06	1e-06	1e-06	1e-06	1e-06	1e-06	1e-06	1e-06	1e-06	1e-06	1e-06
100000	100000	100000	100000	100000	100000	100000	100000	100000	100000	100000	100000	100000	100000	100000	100000	100000	100000	100000	100000	100000	100000	100000
