23
285	64
369	4
32	286	15.9757
360	432	4.74477
508	26	6.28294
515	55	7.69558
114	222	15.7981
481	183	11.5528
246	45	7.77388
423	67	13.2403
363	321	28.1945
190	205	10.7401
500	522	31.4887
381	434	5.39507
213	340	6.59765
269	21	6.80293
129	318	16.685
461	31	10.703
187	360	6.92061
504	150	10.4552
39	218	17.1931
472	254	15.9779
500	354	24.4527
66	397	27.663
191	161	12.8706
1e-06	1e-06	1e-06	1e-06	1e-06	1e-06	1e-06	1e-06	1e-06	1e-06	1e-06	1e-06	1e-06	1e-06	1e-06	1e-06	1e-06	1e-06	1e-06	1e-06	1e-06	1e-06	1e-06
100000	100000	100000	100000	100000	100000	100000	100000	100000	100000	100000	100000	100000	100000	100000	100000	100000	100000	100000	100000	100000	100000	100000
