23
483	21
247	322
299	367	12.1421
104	293	2.28454
229	192	16.3197
196	119	21.2077
108	284	2.29177
383	125	15.7509
512	500	27.243
37	212	22.4104
118	273	3.60286
245	473	16.1805
103	267	4.21927
184	358	19.2026
315	173	10.5834
66	45	18.3944
527	54	12.5306
234	261	13.2858
115	82	17.2059
488	32	2.77061
275	331	6.92101
469	396	8.58792
264	415	13.7545
505	395	10.0217
349	187	7.5997
1e-06	1e-06	1e-06	1e-06	1e-06	1e-06	1e-06	1e-06	1e-06	1e-06	1e-06	1e-06	1e-06	1e-06	1e-06	1e-06	1e-06	1e-06	1e-06	1e-06	1e-06	1e-06	1e-06
100000	100000	100000	100000	100000	100000	100000	100000	100000	100000	100000	100000	100000	100000	100000	100000	100000	100000	100000	100000	100000	100000	100000
