23
18	208
29	168
521	236	27.3067
319	412	13.8725
139	362	17.5448
523	359	41.5354
145	44	32.7661
78	474	14.8451
5	446	29.16
479	21	51.4587
7	125	14.6844
443	280	32.9317
263	483	20.8615
353	398	12.5908
471	470	40.1633
68	93	14.9649
302	523	18.9971
372	237	27.8792
146	409	9.87012
345	59	50.5699
27	77	13.7658
167	428	9.2382
47	506	14.6413
111	316	17.0831
253	193	45.2456
1e-06	1e-06	1e-06	1e-06	1e-06	1e-06	1e-06	1e-06	1e-06	1e-06	1e-06	1e-06	1e-06	1e-06	1e-06	1e-06	1e-06	1e-06	1e-06	1e-06	1e-06	1e-06	1e-06
100000	100000	100000	100000	100000	100000	100000	100000	100000	100000	100000	100000	100000	100000	100000	100000	100000	100000	100000	100000	100000	100000	100000
