23
358	498
130	345
182	100	15.2519
242	91	13.5473
200	463	21.6878
335	430	14.779
16	326	11.5539
498	510	30.9779
223	126	2.15997
504	22	77.7161
303	398	18.0853
528	416	12.368
258	226	6.19689
387	361	11.604
247	36	18.2946
235	517	25.2746
131	119	7.15288
44	301	13.9139
393	391	11.1223
494	401	13.3883
220	131	1.89043
275	297	21.9377
141	140	7.46027
6	67	47.9216
252	243	6.6908
1e-06	1e-06	1e-06	1e-06	1e-06	1e-06	1e-06	1e-06	1e-06	1e-06	1e-06	1e-06	1e-06	1e-06	1e-06	1e-06	1e-06	1e-06	1e-06	1e-06	1e-06	1e-06	1e-06
100000	100000	100000	100000	100000	100000	100000	100000	100000	100000	100000	100000	100000	100000	100000	100000	100000	100000	100000	100000	100000	100000	100000
