23
324	155
164	319
254	104	17.8192
456	441	8.23352
287	290	20.903
513	346	10.2441
439	28	7.50444
399	47	11.2954
204	38	19.0097
79	470	26.4328
465	351	10.4931
480	424	6.54777
317	72	19.8323
208	294	12.9678
188	481	24.2763
320	458	13.8778
78	328	15.9868
402	232	24.7207
522	529	30.8516
456	5	6.14464
46	277	14.9292
212	358	17.4603
33	175	27.6955
380	478	16.2959
355	151	6.46308
1e-06	1e-06	1e-06	1e-06	1e-06	1e-06	1e-06	1e-06	1e-06	1e-06	1e-06	1e-06	1e-06	1e-06	1e-06	1e-06	1e-06	1e-06	1e-06	1e-06	1e-06	1e-06	1e-06
100000	100000	100000	100000	100000	100000	100000	100000	100000	100000	100000	100000	100000	100000	100000	100000	100000	100000	100000	100000	100000	100000	100000
