23
336	512
523	381
5	278	17.0939
289	194	20.1553
228	182	24.8095
178	277	35.268
177	434	24.1228
318	362	20.5984
179	35	11.4569
502	292	27.8682
138	185	15.1529
303	144	17.5547
96	489	8.85498
10	5	53.7925
304	304	21.6818
387	275	30.7281
111	157	13.1608
152	19	11.9059
100	511	8.17423
329	498	4.90682
15	321	17.5539
106	443	18.7978
433	349	29.9261
289	408	21.5855
460	234	23.2373
1e-06	1e-06	1e-06	1e-06	1e-06	1e-06	1e-06	1e-06	1e-06	1e-06	1e-06	1e-06	1e-06	1e-06	1e-06	1e-06	1e-06	1e-06	1e-06	1e-06	1e-06	1e-06	1e-06
100000	100000	100000	100000	100000	100000	100000	100000	100000	100000	100000	100000	100000	100000	100000	100000	100000	100000	100000	100000	100000	100000	100000
