23
201	139
46	74
97	246	39.9839
306	119	13.0774
127	455	17.9032
229	437	21.3964
181	527	28.752
93	47	12.0228
384	73	15.7055
334	37	22.305
346	95	16.2396
385	388	12.874
186	161	10.3624
267	229	37.5076
488	332	29.5469
468	414	23.5493
403	423	11.8288
84	472	18.412
469	129	20.8824
175	455	15.482
256	499	23.7445
462	65	19.6004
113	71	11.6385
396	452	11.101
289	86	13.519
1e-06	1e-06	1e-06	1e-06	1e-06	1e-06	1e-06	1e-06	1e-06	1e-06	1e-06	1e-06	1e-06	1e-06	1e-06	1e-06	1e-06	1e-06	1e-06	1e-06	1e-06	1e-06	1e-06
100000	100000	100000	100000	100000	100000	100000	100000	100000	100000	100000	100000	100000	100000	100000	100000	100000	100000	100000	100000	100000	100000	100000
