17	4
68	168
96	115
75	15	0.246882
80	15	0.453188
77	17	0.821243
78	15	0.170791
75	16	0.166306
268	263	0.982386
271	270	0.212957
268	272	1.32347
268	266	0.179889
27	255	2.90576
19	252	0.741979
20	246	1.94364
22	250	0.186134
262	97	2.94146
263	89	0.388029
257	93	0.156349
262	88	0.17911
0.394088	0.338996	0.425418	0.31897	0.488059	0.481082	0.459214	0.323673	0.38698	0.49015	0.317343	0.496347	0.47748	0.46794	0.489867	0.304472	0.454678
0.569651	0.538471	0.517361	0.496293	0.51347	0.58351	0.462956	0.445767	0.52997	0.515721	0.453285	0.534033	0.502285	0.509398	0.543995	0.411715	0.516017
