17	4
194	198
183	129
62	252	0.426314
66	246	1.59001
60	252	0.358857
61	248	0.72835
61	244	0.97544
255	333	0.470911
252	338	0.502879
254	337	0.412796
260	335	2.19118
52	72	1.22689
45	69	0.361045
49	70	0.429809
45	71	0.303334
283	82	0.350207
282	76	1.45934
282	86	1.33852
285	80	0.419932
0.459463	0.366517	0.329088	0.339284	0.411874	0.492516	0.318876	0.37139	0.396121	0.337476	0.322635	0.415277	0.467913	0.439847	0.317781	0.365421	0.472283
0.528651	0.483322	0.400212	0.474502	0.46079	0.565531	0.424796	0.585817	0.508729	0.510217	0.572316	0.56987	0.40408	0.53565	0.543474	0.583824	0.449263
