17	4
134	19
68	286
244	26	0.240616
243	26	0.194776
246	33	0.558327
244	33	0.18186
245	28	0.691842
15	10	1.42825
9	12	0.857704
12	4	1.47731
11	9	0.396279
1	308	3.55121
8	299	0.231313
6	300	0.154779
11	301	1.34526
300	282	1.31082
300	286	0.172136
293	280	1.28172
294	286	1.13618
0.49502	0.489884	0.326971	0.482957	0.479992	0.459101	0.481621	0.430594	0.490354	0.47992	0.362989	0.310434	0.327017	0.361279	0.346841	0.394893	0.325074
0.450743	0.42396	0.408983	0.493144	0.438098	0.532922	0.460886	0.436476	0.433144	0.522104	0.468147	0.445184	0.489297	0.405423	0.521327	0.586624	0.563726
