23	5
413	363
234	208
224	225	2.54222
224	218	0.212731
224	219	0.185047
216	217	2.68217
225	217	0.414759
389	397	0.152215
396	395	0.33406
395	394	0.239612
390	397	0.158913
387	390	2.71562
141	443	0.30085
140	444	0.202556
136	446	1.82279
143	451	1.44735
139	449	0.244502
126	8	0.160331
126	13	0.222277
129	7	1.16532
129	13	1.06856
392	5	1.97608
392	10	0.241273
385	6	1.15522
385	12	1.40158
0.42365	0.483072	0.432824	0.355754	0.306981	0.35349	0.330418	0.497802	0.395744	0.450968	0.410246	0.330476	0.400991	0.33025	0.45509	0.455216	0.430367	0.42021	0.346413	0.381302	0.3795	0.490336	0.380066
0.487866	0.532783	0.46193	0.525764	0.460405	0.475005	0.580319	0.545083	0.497482	0.494253	0.569524	0.499129	0.419934	0.411989	0.509134	0.485894	0.421179	0.567107	0.484197	0.412117	0.534117	0.536107	0.592255
