23	5
185	291
342	31
435	118	0.304387
439	118	0.250487
442	116	0.957181
436	119	0.237655
440	121	1.08853
4	134	1.66067
10	140	0.269192
9	141	0.223512
2	141	0.547767
3	139	0.314914
153	456	0.303292
155	446	1.03802
153	449	0.239191
159	456	1.90721
149	448	1.14649
231	12	0.226744
231	16	0.492298
232	11	0.29146
238	14	2.34275
423	399	0.999949
416	402	0.558209
418	403	0.231846
421	402	0.35013
0.334565	0.325433	0.307759	0.344739	0.44417	0.482593	0.413883	0.387031	0.416637	0.34342	0.481362	0.4229	0.444629	0.387353	0.344539	0.373361	0.320011	0.372759	0.493059	0.378415	0.434293	0.3136	0.395855
0.468704	0.594339	0.587768	0.489375	0.458948	0.410787	0.434409	0.514035	0.43001	0.574208	0.523817	0.504633	0.521404	0.582478	0.498758	0.59087	0.506282	0.593731	0.551749	0.527049	0.597772	0.470414	0.542284
