23	5
72	299
152	67
198	287	1.39797
201	284	0.464529
199	282	0.796224
204	287	0.832345
204	283	0.421269
450	424	0.164306
458	424	1.32016
457	427	0.159438
449	424	0.217816
452	433	2.78944
16	441	0.503604
16	439	0.238729
14	447	2.2807
13	437	1.26117
12	441	0.583688
403	155	1.04767
405	145	1.88734
401	150	0.242604
407	153	0.908007
26	61	1.17216
28	56	0.193825
28	55	0.197156
29	58	0.191187
0.373687	0.410306	0.369259	0.378011	0.329527	0.311662	0.410139	0.495817	0.375859	0.492696	0.317669	0.360689	0.427102	0.333744	0.489213	0.398472	0.337498	0.449244	0.313757	0.436991	0.458019	0.422856	0.337262
0.574285	0.55153	0.572283	0.52464	0.430048	0.531543	0.510969	0.472076	0.542901	0.404666	0.547187	0.477226	0.581147	0.419666	0.530811	0.476721	0.552157	0.510547	0.568897	0.433323	0.568447	0.439317	0.484628
