16
94	303
168	239
273	231	1.24502
218	300	1.19713
137	219	3.81782
24	64	1.39368
167	227	1.96272
188	136	0.752079
186	300	4.58875
7	137	13.7447
312	39	0.868678
319	301	9.19003
302	40	0.510012
136	149	8.08722
115	203	1.02691
216	200	6.23956
202	111	4.46733
146	17	20.1336
0.442313	0.343951	0.30406	0.323065	0.402507	0.345231	0.325322	0.499929	0.319766	0.484427	0.436295	0.40507	0.387145	0.343322	0.461957	0.3578
0.575042	0.403414	0.450612	0.485449	0.594522	0.558844	0.418523	0.486282	0.481393	0.413919	0.454881	0.569118	0.522166	0.45755	0.409864	0.461177
