16
174	293
82	32
243	279	6.89609
263	110	18.4769
44	2	0.683871
171	7	0.799002
20	59	16.3748
111	290	0.84575
141	108	2.17652
164	40	1.41386
113	47	1.88525
251	307	0.613354
113	19	1.3287
107	31	0.737484
101	158	6.33691
147	15	5.4262
166	292	1.87991
50	267	7.47021
0.36142	0.445832	0.301228	0.345032	0.389238	0.386743	0.357372	0.404288	0.432688	0.373611	0.490077	0.328182	0.308785	0.480596	0.41811	0.386561
0.432772	0.570195	0.443289	0.472803	0.525659	0.542421	0.562519	0.597107	0.472927	0.580281	0.521248	0.592797	0.587981	0.478273	0.510853	0.407535
