16
99	58
145	115
200	186	12.2377
88	239	0.570593
317	201	3.89388
66	152	1.16387
69	162	0.826412
278	123	5.21159
32	220	10.7884
97	264	4.39157
198	295	2.38527
112	131	8.34323
273	233	8.04826
118	31	9.39518
185	300	1.0301
55	93	3.40191
171	76	7.2163
226	142	0.608112
0.378218	0.310465	0.458322	0.391301	0.430605	0.459489	0.444237	0.425635	0.370887	0.347003	0.358842	0.323381	0.470718	0.346198	0.41741	0.473627
0.576149	0.548336	0.404465	0.534391	0.593809	0.424493	0.590647	0.522294	0.453978	0.548077	0.479049	0.546771	0.40139	0.553259	0.597948	0.586023
