16
193	224
204	316
227	320	4.02553
91	255	0.926642
103	9	23.964
256	271	7.42083
216	39	3.64452
72	160	8.13901
293	95	6.03775
111	115	5.0423
191	50	1.81824
248	236	0.970355
153	132	0.849943
221	102	11.9683
153	144	1.06105
44	257	7.07947
67	195	1.79785
293	28	5.40756
0.332317	0.319443	0.425806	0.497349	0.42905	0.434584	0.498765	0.460852	0.324772	0.33958	0.480338	0.479226	0.377819	0.378521	0.383856	0.305646
0.524687	0.550722	0.430029	0.526148	0.559902	0.450117	0.434348	0.555485	0.429571	0.421682	0.423869	0.438189	0.526189	0.542975	0.504872	0.525582
