16
62	87
93	24
266	246	2.17711
140	215	7.17746
14	40	3.11943
243	159	4.7908
155	171	2.4072
142	251	1.16528
303	143	4.39672
307	237	5.72749
303	204	1.79978
222	219	4.90589
138	170	1.29254
18	73	2.21309
289	114	1.82079
25	298	30.7963
275	282	4.43917
176	53	19.2831
0.442885	0.398146	0.311938	0.362687	0.373823	0.431812	0.311626	0.439291	0.383169	0.351538	0.450411	0.483978	0.465683	0.442188	0.383081	0.434492
0.429439	0.548125	0.571731	0.412913	0.430036	0.512921	0.403913	0.412226	0.455874	0.515339	0.498066	0.597336	0.506867	0.567941	0.593493	0.524733
