16
82	295
176	125
8	286	42.4095
209	280	47.0355
283	112	18.3978
51	51	33.0903
89	272	5.24175
248	178	20.6815
79	150	2.33632
80	157	2.29311
121	195	30.1259
127	45	1.89471
225	114	14.4794
72	103	2.38512
89	139	6.46628
93	106	10.819
165	56	18.9429
203	147	9.20619
0.392639	0.40249	0.334773	0.387039	0.419783	0.480387	0.343302	0.338558	0.377383	0.387906	0.324143	0.46417	0.38302	0.38973	0.408544	0.401046
0.437507	0.407808	0.495407	0.569448	0.427837	0.470656	0.598209	0.450836	0.469351	0.52503	0.458104	0.558216	0.541785	0.580931	0.504178	0.470591
