16
310	191
216	281
182	163	4.5974
58	164	2.22155
247	241	1.16989
174	38	5.96161
215	285	0.596415
204	104	2.94153
76	3	12.4621
226	68	4.26195
149	194	2.40317
269	174	8.5272
109	226	9.81921
247	247	0.557056
88	119	9.98937
232	124	2.6143
153	116	3.83397
8	157	12.7163
0.300773	0.48972	0.347492	0.472072	0.485588	0.334161	0.358009	0.407324	0.491235	0.444639	0.340853	0.491059	0.372334	0.398239	0.494772	0.482788
0.475554	0.528675	0.564358	0.421502	0.55866	0.492442	0.417658	0.422466	0.441976	0.584781	0.483388	0.525835	0.562909	0.565791	0.437828	0.592851
