16
189	219
43	43
134	100	2.32369
301	98	1.57061
144	103	0.427198
169	117	0.521439
313	109	0.294854
193	282	1.16299
156	309	4.50812
46	97	9.62748
274	210	10.7438
269	266	0.497598
175	167	6.48412
87	301	7.18172
193	58	0.539208
219	2	7.2948
168	113	0.524524
114	301	0.257607
0.488487	0.362264	0.410793	0.373956	0.388416	0.38029	0.481802	0.347597	0.364338	0.484912	0.442485	0.346953	0.336921	0.333926	0.366278	0.409768
0.491038	0.475073	0.572842	0.460577	0.420946	0.435573	0.500817	0.566783	0.574112	0.491962	0.485588	0.416422	0.459344	0.591295	0.534743	0.418327
