16
60	209
51	101
148	163	8.18026
177	131	0.634374
114	238	0.73183
315	254	0.5324
214	262	0.407381
132	281	3.89767
87	235	5.03904
7	44	4.44185
152	96	7.87171
114	40	10.3031
12	76	0.687811
191	236	6.30529
177	138	1.03274
132	255	0.692834
79	69	1.48846
318	178	10.5279
0.355899	0.333447	0.39532	0.347198	0.376925	0.331874	0.366828	0.466536	0.362992	0.322718	0.399723	0.348659	0.439454	0.468872	0.489859	0.498115
0.592969	0.546808	0.583236	0.478575	0.409865	0.522194	0.580817	0.49271	0.590068	0.400718	0.428025	0.408073	0.443507	0.57866	0.509679	0.482945
