16
313	236
31	233
151	306	2.1864
145	276	1.92927
172	28	2.94609
281	242	0.894385
130	279	1.15582
11	257	3.57274
171	161	4.40758
111	147	2.28597
67	189	1.67975
239	211	11.7409
131	138	2.0168
175	241	2.09117
3	139	15.6981
162	58	0.768026
164	231	2.18489
183	311	3.83558
0.412422	0.476845	0.410449	0.484506	0.444313	0.4773	0.398292	0.475897	0.482817	0.322938	0.313642	0.440396	0.43413	0.315552	0.301762	0.351116
0.488749	0.482626	0.525314	0.506456	0.578541	0.574825	0.58795	0.538194	0.428131	0.529886	0.508546	0.584278	0.402669	0.53981	0.503085	0.41036
