16
180	298
89	215
202	221	3.69918
229	223	2.09611
170	274	6.4891
15	33	25.312
245	297	11.3954
101	236	6.90588
105	80	2.86163
238	75	3.40004
209	64	1.90994
315	165	16.3131
186	163	6.0402
201	113	1.46595
233	114	2.5212
34	306	4.4666
231	26	3.84109
80	319	1.35091
0.347385	0.429303	0.329642	0.471625	0.390145	0.468635	0.353226	0.319383	0.415226	0.450108	0.301338	0.304538	0.490812	0.379063	0.489931	0.414543
0.426724	0.531172	0.483783	0.445289	0.46236	0.400488	0.464079	0.446331	0.413735	0.457641	0.577438	0.512799	0.445347	0.480189	0.496906	0.444584
