16
183	48
142	22
136	37	0.731254
318	208	7.68566
238	98	1.69286
36	107	1.51453
123	31	1.99942
309	90	12.8076
156	210	0.728508
31	46	13.0553
230	192	9.64333
161	12	5.02273
262	227	2.55046
133	204	3.32133
271	260	4.32902
171	234	2.77729
23	174	10.7716
7	108	1.95659
0.447148	0.391867	0.310799	0.340141	0.323557	0.434582	0.444516	0.413549	0.339474	0.453449	0.32035	0.411632	0.44902	0.360301	0.47489	0.456839
0.496281	0.407239	0.403574	0.449592	0.49188	0.5045	0.578944	0.588492	0.556925	0.489184	0.575812	0.537064	0.542432	0.566191	0.520136	0.560776
