16
299	202
54	32
97	139	7.55449
100	196	3.70798
135	198	17.3075
48	176	25.6198
115	137	4.111
316	20	39.7194
264	81	3.36187
193	272	17.3469
3	167	4.25387
66	10	15.0181
261	94	3.93891
54	220	4.47143
52	273	27.7347
289	260	31.4299
218	303	4.63319
284	206	3.88855
0.311417	0.378896	0.318575	0.337062	0.431175	0.488323	0.452432	0.39885	0.478039	0.4412	0.448285	0.36387	0.456317	0.403579	0.373548	0.437805
0.577499	0.570207	0.506627	0.461984	0.569766	0.496265	0.536675	0.420999	0.574645	0.510781	0.577075	0.556187	0.431947	0.598792	0.569073	0.599539
