16
185	54
102	57
270	65	15.2487
116	303	0.956728
87	179	13.9319
268	257	2.35606
87	43	1.27166
4	32	7.02142
91	301	1.01542
292	239	6.13797
75	55	2.2822
81	287	2.59942
25	129	2.20991
235	154	2.60122
109	87	5.14137
170	320	9.68032
78	76	2.28271
2	120	4.77393
0.40563	0.443575	0.445518	0.307769	0.355481	0.481186	0.37493	0.442944	0.315485	0.361146	0.448672	0.372574	0.334332	0.425659	0.389317	0.309246
0.49982	0.447938	0.538517	0.498499	0.531903	0.56089	0.473998	0.518688	0.513436	0.525202	0.573998	0.520555	0.558948	0.562646	0.571715	0.532075
