24
110	513
421	110
81	205	11.6633
463	122	6.64112
311	461	14.0402
334	423	16.1981
484	369	32.2983
446	288	11.1817
24	393	44.8787
402	259	20.9738
409	172	19.1589
441	120	7.05926
420	479	24.9532
529	222	8.59913
564	527	40.9569
348	30	6.24433
165	366	50.9855
341	46	6.86155
473	137	6.03271
473	276	9.86045
333	310	30.9234
443	548	28.8602
198	576	40.3828
89	237	9.94876
520	247	8.02388
132	162	21.6641
1e-06	1e-06	1e-06	1e-06	1e-06	1e-06	1e-06	1e-06	1e-06	1e-06	1e-06	1e-06	1e-06	1e-06	1e-06	1e-06	1e-06	1e-06	1e-06	1e-06	1e-06	1e-06	1e-06	1e-06
100000	100000	100000	100000	100000	100000	100000	100000	100000	100000	100000	100000	100000	100000	100000	100000	100000	100000	100000	100000	100000	100000	100000	100000
