24
279	369
404	22
47	160	14.6192
496	354	1.48942
553	11	9.14476
203	326	10.7701
17	286	5.34525
417	440	19.1378
460	540	7.03298
51	497	3.05799
181	249	9.82646
492	363	1.10305
528	60	4.6217
350	567	14.3711
569	444	11.7663
553	70	3.47025
73	511	4.44183
375	128	9.59784
18	314	4.35482
556	337	7.81306
301	100	14.122
572	84	3.36017
351	38	7.18338
159	46	18.2652
468	218	24.2535
502	546	5.35889
1e-06	1e-06	1e-06	1e-06	1e-06	1e-06	1e-06	1e-06	1e-06	1e-06	1e-06	1e-06	1e-06	1e-06	1e-06	1e-06	1e-06	1e-06	1e-06	1e-06	1e-06	1e-06	1e-06	1e-06
100000	100000	100000	100000	100000	100000	100000	100000	100000	100000	100000	100000	100000	100000	100000	100000	100000	100000	100000	100000	100000	100000	100000	100000
