24
405	441
506	423
79	101	38.0289
232	207	18.8997
385	488	5.92631
496	357	17.9697
7	229	29.988
144	267	31.3423
274	318	6.32946
279	27	23.5423
504	48	22.8421
69	500	26.999
440	93	21.5095
529	152	10.1796
566	149	9.58889
440	558	15.3749
162	565	33.1359
372	554	17.9748
303	312	7.29085
381	35	22.8897
357	249	19.659
113	408	30.5812
363	448	9.21784
512	521	23.5833
356	494	8.28724
300	162	17.6701
1e-06	1e-06	1e-06	1e-06	1e-06	1e-06	1e-06	1e-06	1e-06	1e-06	1e-06	1e-06	1e-06	1e-06	1e-06	1e-06	1e-06	1e-06	1e-06	1e-06	1e-06	1e-06	1e-06	1e-06
100000	100000	100000	100000	100000	100000	100000	100000	100000	100000	100000	100000	100000	100000	100000	100000	100000	100000	100000	100000	100000	100000	100000	100000
