24
329	12
193	460
450	174	3.99104
80	165	15.0636
315	266	11.4958
432	313	9.91892
384	255	8.73908
371	67	10.7958
239	219	11.7752
542	43	1.2533
99	550	14.1684
241	46	7.5866
244	574	19.7952
242	432	4.33284
454	421	9.99466
533	40	1.76132
375	388	4.77728
260	410	4.89521
190	37	8.48222
208	341	12.9764
193	448	2.04613
188	143	13.5784
161	282	9.14096
372	428	4.19979
474	170	3.70168
33	97	15.4314
1e-06	1e-06	1e-06	1e-06	1e-06	1e-06	1e-06	1e-06	1e-06	1e-06	1e-06	1e-06	1e-06	1e-06	1e-06	1e-06	1e-06	1e-06	1e-06	1e-06	1e-06	1e-06	1e-06	1e-06
100000	100000	100000	100000	100000	100000	100000	100000	100000	100000	100000	100000	100000	100000	100000	100000	100000	100000	100000	100000	100000	100000	100000	100000
