24
285	448
342	266
24	109	12.1231
461	37	10.2134
351	85	2.0365
36	216	9.81091
285	80	5.50316
127	214	13.4202
409	26	2.7209
468	254	4.254
89	39	2.27243
369	256	7.99482
246	256	10.9686
364	297	4.07664
302	299	4.81765
173	407	3.70905
57	31	2.62769
196	450	7.74396
177	11	9.50262
454	226	2.94447
348	129	5.40084
137	67	4.08229
274	320	4.14039
224	330	2.85735
66	470	21.4323
346	318	1.40627
1e-06	1e-06	1e-06	1e-06	1e-06	1e-06	1e-06	1e-06	1e-06	1e-06	1e-06	1e-06	1e-06	1e-06	1e-06	1e-06	1e-06	1e-06	1e-06	1e-06	1e-06	1e-06	1e-06	1e-06
100000	100000	100000	100000	100000	100000	100000	100000	100000	100000	100000	100000	100000	100000	100000	100000	100000	100000	100000	100000	100000	100000	100000	100000
