24
292	241
166	327
223	28	18.0374
453	371	20.2927
76	223	5.241
259	257	8.70704
330	568	31.5015
542	76	9.87194
275	403	19.8011
95	560	35.5678
118	82	18.7445
575	57	7.87846
437	493	20.55
48	225	2.7956
392	425	19.3291
195	489	10.2523
54	215	3.1448
356	286	19.1821
197	445	11.8343
70	18	16.4433
566	446	34.1082
275	95	20.8536
245	289	7.9531
546	217	41.4445
90	378	20.6573
20	358	20.8292
1e-06	1e-06	1e-06	1e-06	1e-06	1e-06	1e-06	1e-06	1e-06	1e-06	1e-06	1e-06	1e-06	1e-06	1e-06	1e-06	1e-06	1e-06	1e-06	1e-06	1e-06	1e-06	1e-06	1e-06
100000	100000	100000	100000	100000	100000	100000	100000	100000	100000	100000	100000	100000	100000	100000	100000	100000	100000	100000	100000	100000	100000	100000	100000
