24
278	368
105	11
458	327	6.64377
277	52	8.77922
258	148	6.05341
86	371	40.8983
573	123	40.8108
271	80	9.48406
148	30	11.9949
270	465	23.664
433	391	9.45467
176	52	12.9062
511	560	46.7049
258	391	10.0831
331	417	22.9906
178	295	27.1278
573	13	38.0321
435	417	8.74743
262	130	6.01446
394	533	46.4544
365	212	41.1767
23	237	53.2936
242	354	13.2662
41	100	42.2642
222	93	18.5182
471	315	5.39269
1e-06	1e-06	1e-06	1e-06	1e-06	1e-06	1e-06	1e-06	1e-06	1e-06	1e-06	1e-06	1e-06	1e-06	1e-06	1e-06	1e-06	1e-06	1e-06	1e-06	1e-06	1e-06	1e-06	1e-06
100000	100000	100000	100000	100000	100000	100000	100000	100000	100000	100000	100000	100000	100000	100000	100000	100000	100000	100000	100000	100000	100000	100000	100000
