24
73	442
567	70
390	195	25.1337
470	30	13.8436
496	479	20.7552
488	63	1.22776
120	46	45.4172
479	265	14.6461
13	532	12.6323
370	448	21.9975
340	571	35.1101
489	66	0.957519
104	360	8.81235
310	109	42.1938
105	386	9.54597
574	128	17.5409
212	461	25.3159
19	572	14.2404
450	228	14.4134
499	207	18.0183
411	374	26.5174
272	212	33.164
305	473	26.7388
436	456	22.5162
60	176	51.8958
261	401	25.4805
1e-06	1e-06	1e-06	1e-06	1e-06	1e-06	1e-06	1e-06	1e-06	1e-06	1e-06	1e-06	1e-06	1e-06	1e-06	1e-06	1e-06	1e-06	1e-06	1e-06	1e-06	1e-06	1e-06	1e-06
100000	100000	100000	100000	100000	100000	100000	100000	100000	100000	100000	100000	100000	100000	100000	100000	100000	100000	100000	100000	100000	100000	100000	100000
