24
319	294
5	259
152	46	1.8635
185	58	0.988207
168	240	5.28036
451	424	17.805
113	20	2.96102
283	116	1.07575
359	109	13.4669
58	279	7.79608
112	159	23.1655
73	44	2.88723
228	107	12.1121
329	373	5.84025
18	465	22.6498
37	313	3.14571
223	433	13.4408
181	473	1.45404
29	337	1.65249
184	34	3.52029
137	466	4.14148
16	264	2.60576
144	26	1.34053
76	343	9.19717
398	347	3.15847
251	269	15.2966
1e-06	1e-06	1e-06	1e-06	1e-06	1e-06	1e-06	1e-06	1e-06	1e-06	1e-06	1e-06	1e-06	1e-06	1e-06	1e-06	1e-06	1e-06	1e-06	1e-06	1e-06	1e-06	1e-06	1e-06
100000	100000	100000	100000	100000	100000	100000	100000	100000	100000	100000	100000	100000	100000	100000	100000	100000	100000	100000	100000	100000	100000	100000	100000
