24
138	392
384	409
467	325	10.2459
52	199	2.09514
353	296	14.8665
208	171	4.57629
442	52	0.787203
419	260	3.19134
419	178	9.0687
86	379	8.02738
58	30	26.6804
212	226	0.491701
337	435	1.43357
143	395	1.36298
451	111	3.94808
57	190	0.32698
35	243	3.98278
319	466	6.64939
389	401	2.7576
362	49	11.6417
154	373	3.62835
236	196	0.414072
36	308	5.85958
235	406	21.7938
156	246	6.78788
451	144	0.647745
0.497217	0.400142	0.331165	0.313399	0.350187	0.425149	0.401008	0.416878	0.452702	0.475851	0.397657	0.397729	0.318864	0.361652	0.323485	0.318911	0.409384	0.370344	0.435617	0.332047	0.398573	0.329103	0.409696	0.374485
0.462634	0.433543	0.487196	0.516443	0.533435	0.59065	0.494265	0.520394	0.497161	0.402413	0.532889	0.526529	0.556255	0.486589	0.559489	0.485734	0.456493	0.439667	0.466181	0.425176	0.504848	0.583565	0.415947	0.498511
