24
203	110
425	351
473	421	25.8
177	149	18.6051
34	126	18.076
207	532	28.2244
395	486	34.7052
421	172	21.2146
19	210	29.7825
469	211	4.56922
58	71	21.8768
398	285	18.4285
513	234	13.354
481	206	1.62457
118	536	31.0361
97	110	20.4816
139	40	25.1564
567	324	38.6898
342	320	21.7043
551	566	27.1633
451	301	20.8688
486	206	1.6067
225	385	47.4167
153	201	17.901
492	532	20.453
213	234	25.7793
1e-06	1e-06	1e-06	1e-06	1e-06	1e-06	1e-06	1e-06	1e-06	1e-06	1e-06	1e-06	1e-06	1e-06	1e-06	1e-06	1e-06	1e-06	1e-06	1e-06	1e-06	1e-06	1e-06	1e-06
100000	100000	100000	100000	100000	100000	100000	100000	100000	100000	100000	100000	100000	100000	100000	100000	100000	100000	100000	100000	100000	100000	100000	100000
