21
7	321
316	202
438	315	7.90821
67	287	6.99209
289	421	27.7175
423	334	7.27575
98	433	5.9005
3	58	46.4614
108	138	8.45365
374	258	3.12757
291	227	13.543
89	417	6.48195
371	382	24.5368
364	260	3.25706
127	157	10.4194
61	381	13.9429
159	394	11.6823
117	374	6.95433
209	435	25.3453
41	183	28.226
66	305	6.17722
174	256	39.6139
125	390	6.41616
1e-06	1e-06	1e-06	1e-06	1e-06	1e-06	1e-06	1e-06	1e-06	1e-06	1e-06	1e-06	1e-06	1e-06	1e-06	1e-06	1e-06	1e-06	1e-06	1e-06	1e-06
100000	100000	100000	100000	100000	100000	100000	100000	100000	100000	100000	100000	100000	100000	100000	100000	100000	100000	100000	100000	100000
