21
321	29
427	172
365	20	9.53839
159	180	16.0633
428	32	14.9622
132	411	23.8276
113	14	3.81747
262	8	9.34174
24	96	5.85363
157	237	12.7872
420	192	5.22242
436	150	4.90265
110	32	5.07097
240	41	8.01486
249	187	13.0819
194	121	15.6941
205	321	20.2288
300	210	15.3279
294	303	19.5566
8	371	31.6293
351	271	16.3732
33	120	6.41428
65	65	12.1535
1e-06	1e-06	1e-06	1e-06	1e-06	1e-06	1e-06	1e-06	1e-06	1e-06	1e-06	1e-06	1e-06	1e-06	1e-06	1e-06	1e-06	1e-06	1e-06	1e-06	1e-06
100000	100000	100000	100000	100000	100000	100000	100000	100000	100000	100000	100000	100000	100000	100000	100000	100000	100000	100000	100000	100000
