21
246	286
64	71
418	248	8.43949
391	236	7.56901
308	188	22.5572
396	103	7.70756
34	348	15.6606
205	11	23.1266
191	101	21.0186
402	413	17.2909
26	286	14.5613
392	131	6.60417
405	346	16.4018
265	269	2.55083
335	265	14.9996
92	351	13.7469
101	156	22.1846
224	202	19.393
265	66	20.634
255	266	3.01141
156	272	26.9634
119	57	15.0799
75	419	15.2163
1e-06	1e-06	1e-06	1e-06	1e-06	1e-06	1e-06	1e-06	1e-06	1e-06	1e-06	1e-06	1e-06	1e-06	1e-06	1e-06	1e-06	1e-06	1e-06	1e-06	1e-06
100000	100000	100000	100000	100000	100000	100000	100000	100000	100000	100000	100000	100000	100000	100000	100000	100000	100000	100000	100000	100000
