21
15	410
157	408
76	432	23.4755
0	273	18.4196
255	192	5.4608
430	45	15.3127
367	389	20.0258
125	385	13.1726
37	40	30.4263
410	12	15.0027
233	74	6.86723
268	77	13.3593
352	330	20.0373
126	209	23.4766
340	133	27.3931
35	312	18.0812
182	242	21.1331
191	395	12.2254
271	188	5.10553
39	123	31.5682
220	57	6.70683
279	31	17.5466
221	352	15.8446
1e-06	1e-06	1e-06	1e-06	1e-06	1e-06	1e-06	1e-06	1e-06	1e-06	1e-06	1e-06	1e-06	1e-06	1e-06	1e-06	1e-06	1e-06	1e-06	1e-06	1e-06
100000	100000	100000	100000	100000	100000	100000	100000	100000	100000	100000	100000	100000	100000	100000	100000	100000	100000	100000	100000	100000
