21
427	9
295	370
327	50	12.2363
107	203	6.2299
86	220	2.09906
239	132	25.599
439	218	28.6903
240	361	8.87622
397	434	23.6314
309	10	12.0335
13	219	13.466
335	260	15.7971
209	387	6.64034
337	206	12.9982
86	210	2.38964
174	1	28.1853
234	405	8.49639
364	123	17.0312
335	335	13.2616
12	168	10.8951
136	89	27.0359
171	210	15.175
30	386	46.2523
1e-06	1e-06	1e-06	1e-06	1e-06	1e-06	1e-06	1e-06	1e-06	1e-06	1e-06	1e-06	1e-06	1e-06	1e-06	1e-06	1e-06	1e-06	1e-06	1e-06	1e-06
100000	100000	100000	100000	100000	100000	100000	100000	100000	100000	100000	100000	100000	100000	100000	100000	100000	100000	100000	100000	100000
