21
284	376
79	70
4	396	26.9076
60	204	9.85964
298	2	52.3713
81	419	25.9712
46	41	14.5251
225	409	19.7148
84	267	21.6934
142	390	11.4355
393	126	40.5036
318	317	21.2867
32	124	23.7964
43	186	9.43048
135	107	25.2205
250	310	11.2128
235	337	11.1796
138	3	31.9171
278	385	3.77537
175	373	11.878
22	240	19.2323
262	147	48.0398
207	319	11.8675
1e-06	1e-06	1e-06	1e-06	1e-06	1e-06	1e-06	1e-06	1e-06	1e-06	1e-06	1e-06	1e-06	1e-06	1e-06	1e-06	1e-06	1e-06	1e-06	1e-06	1e-06
100000	100000	100000	100000	100000	100000	100000	100000	100000	100000	100000	100000	100000	100000	100000	100000	100000	100000	100000	100000	100000
