21
241	312
219	303
318	39	5.52
131	315	7.694
355	54	10.2523
156	22	33.4181
54	2	22.4235
357	174	11.495
77	152	35.5414
115	329	7.57182
215	436	17.2343
158	431	18.066
383	54	10.0932
183	341	20.6486
44	252	15.0148
330	72	10.0185
207	189	21.9821
332	34	5.32923
73	277	11.4907
17	66	28.0299
172	240	17.0969
224	259	15.5819
353	139	13.9644
1e-06	1e-06	1e-06	1e-06	1e-06	1e-06	1e-06	1e-06	1e-06	1e-06	1e-06	1e-06	1e-06	1e-06	1e-06	1e-06	1e-06	1e-06	1e-06	1e-06	1e-06
100000	100000	100000	100000	100000	100000	100000	100000	100000	100000	100000	100000	100000	100000	100000	100000	100000	100000	100000	100000	100000
