21
280	333
211	153
90	48	3.54075
358	307	6.38287
79	220	8.79723
128	171	7.30985
316	131	15.0143
71	66	4.79995
401	280	7.57113
11	47	10.5531
367	371	5.76687
123	132	5.5292
119	383	10.3863
118	103	4.66029
191	281	11.8441
204	382	11.5873
412	231	7.1483
174	42	6.76937
437	169	11.1088
441	412	7.66328
369	412	5.92769
198	100	3.75375
174	98	4.34642
1e-06	1e-06	1e-06	1e-06	1e-06	1e-06	1e-06	1e-06	1e-06	1e-06	1e-06	1e-06	1e-06	1e-06	1e-06	1e-06	1e-06	1e-06	1e-06	1e-06	1e-06
100000	100000	100000	100000	100000	100000	100000	100000	100000	100000	100000	100000	100000	100000	100000	100000	100000	100000	100000	100000	100000
