21
233	133
65	269
18	380	19.4261
431	307	19.8491
248	35	16.2426
288	417	16.3393
439	169	27.7251
114	235	11.9742
283	118	13.707
361	248	19.9762
351	406	9.65004
190	107	12.7033
57	173	21.392
12	46	29.4754
206	394	17.4854
350	105	20.4156
98	101	21.0238
43	312	14.2883
218	208	13.0694
179	256	12.9466
441	15	35.1208
382	370	11.8482
304	37	15.6677
1e-06	1e-06	1e-06	1e-06	1e-06	1e-06	1e-06	1e-06	1e-06	1e-06	1e-06	1e-06	1e-06	1e-06	1e-06	1e-06	1e-06	1e-06	1e-06	1e-06	1e-06
100000	100000	100000	100000	100000	100000	100000	100000	100000	100000	100000	100000	100000	100000	100000	100000	100000	100000	100000	100000	100000
