21
258	304
181	368
379	189	3.43239
138	179	3.32954
79	150	4.92899
35	94	4.47319
236	112	2.13654
67	408	31.0703
222	130	2.59401
21	199	6.14483
70	245	6.05959
353	198	1.14929
385	370	5.46184
199	297	6.42542
218	412	7.00855
245	11	8.1752
339	3	1.55234
387	16	7.97425
405	344	2.93752
309	19	3.35123
130	133	4.59635
157	49	12.4333
181	107	3.30477
0.341893	0.378064	0.406236	0.388239	0.381261	0.320621	0.358934	0.422687	0.410104	0.354288	0.494538	0.429754	0.391883	0.404131	0.483927	0.436081	0.363864	0.426982	0.362979	0.351346	0.302385
0.524045	0.565728	0.40894	0.560745	0.579679	0.569297	0.475971	0.540286	0.485685	0.554182	0.553231	0.535598	0.408358	0.56792	0.597115	0.592206	0.505811	0.510157	0.525544	0.527337	0.597918
