21
23	171
94	84
100	251	7.29054
253	180	9.0101
185	77	1.79372
151	36	11.1927
419	6	13.4502
304	376	2.24909
35	152	2.71503
350	194	2.44893
407	298	2.7309
52	212	2.99729
116	350	2.61712
392	279	2.63328
384	384	9.45381
344	368	1.37111
357	298	8.6355
302	18	2.24273
306	420	5.80969
133	113	2.71318
125	133	2.71021
148	137	2.08276
78	403	7.65908
0.497381	0.354958	0.439253	0.308555	0.378248	0.490496	0.375399	0.42099	0.42112	0.476537	0.393546	0.493007	0.490301	0.37856	0.43639	0.483654	0.376494	0.423183	0.313906	0.471867	0.385524
0.520001	0.433882	0.4947	0.514347	0.509417	0.498627	0.495659	0.497507	0.40325	0.543568	0.565059	0.508091	0.454715	0.41381	0.434239	0.570269	0.523089	0.416924	0.585688	0.536768	0.569654
