21
104	291
10	21
385	167	1.01174
234	361	9.55985
35	284	5.49444
385	63	10.9918
55	67	11.5285
170	372	4.18412
58	156	6.50844
336	51	2.63708
217	110	5.31651
179	339	2.08961
396	277	8.30894
369	160	2.61293
226	25	9.11753
243	77	1.45911
146	157	7.50065
415	238	2.20119
173	76	4.11646
170	35	2.18
75	301	1.46084
116	39	2.64117
334	2	9.60738
1e-06	1e-06	1e-06	1e-06	1e-06	1e-06	1e-06	1e-06	1e-06	1e-06	1e-06	1e-06	1e-06	1e-06	1e-06	1e-06	1e-06	1e-06	1e-06	1e-06	1e-06
100000	100000	100000	100000	100000	100000	100000	100000	100000	100000	100000	100000	100000	100000	100000	100000	100000	100000	100000	100000	100000
