21
121	167
398	243
243	237	15.9503
56	73	20.949
157	317	32.675
207	129	21.5238
162	183	16.4204
438	170	32.7255
231	44	31.9995
35	417	17.3706
3	376	15.8004
358	243	15.8749
118	178	3.98043
95	196	10.9116
305	338	29.5409
231	429	38.7394
49	219	15.8778
2	33	25.8328
335	10	29.1656
92	123	15.8576
83	273	21.1085
231	278	15.8627
401	47	26.3302
1e-06	1e-06	1e-06	1e-06	1e-06	1e-06	1e-06	1e-06	1e-06	1e-06	1e-06	1e-06	1e-06	1e-06	1e-06	1e-06	1e-06	1e-06	1e-06	1e-06	1e-06
100000	100000	100000	100000	100000	100000	100000	100000	100000	100000	100000	100000	100000	100000	100000	100000	100000	100000	100000	100000	100000
