21
42	215
222	254
28	296	17.071
90	398	8.81124
358	304	12.1025
22	233	7.52915
209	101	17.236
144	30	19.6666
422	117	15.4664
260	256	9.48114
282	180	8.25513
258	304	12.3756
68	84	16.3243
147	97	16.1102
306	202	9.75406
344	251	14.5229
230	420	7.87743
358	112	14.8934
56	407	9.17045
7	185	12.6087
59	13	18.7629
262	436	9.25635
440	286	23.2704
1e-06	1e-06	1e-06	1e-06	1e-06	1e-06	1e-06	1e-06	1e-06	1e-06	1e-06	1e-06	1e-06	1e-06	1e-06	1e-06	1e-06	1e-06	1e-06	1e-06	1e-06
100000	100000	100000	100000	100000	100000	100000	100000	100000	100000	100000	100000	100000	100000	100000	100000	100000	100000	100000	100000	100000
