18	4
146	248
9	117
336	48	0.720356
332	43	1.46006
336	51	0.516967
326	44	1.29198
329	47	0.542079
13	271	2.06155
4	277	0.914717
4	273	0.878614
4	280	0.396712
7	272	0.45332
50	18	2.07333
52	12	0.449062
58	14	0.494869
57	16	0.555607
201	311	1.3542
203	318	0.427602
206	313	0.396388
203	321	0.767675
0.350271	0.426878	0.351472	0.326648	0.460296	0.466507	0.492318	0.378697	0.449922	0.47945	0.328706	0.441985	0.311057	0.466459	0.4483	0.36596	0.450152	0.39737
0.505393	0.505903	0.456399	0.557115	0.455953	0.581694	0.42671	0.490489	0.552307	0.441516	0.437758	0.501576	0.400097	0.541246	0.55835	0.473435	0.451572	0.447162
