18	4
154	169
276	262
76	219	0.229353
81	223	2.01865
73	213	2.34888
81	215	0.899994
76	218	0.185433
46	8	0.247998
41	11	1.6889
43	18	0.836434
43	15	0.16342
49	9	0.992726
270	302	1.98165
262	301	1.01704
267	297	0.389878
266	298	0.197779
253	84	0.827976
251	80	0.188784
249	82	0.676472
250	80	0.164362
0.432645	0.313507	0.462311	0.364397	0.397757	0.416406	0.3226	0.460378	0.31605	0.346683	0.403283	0.49497	0.31569	0.435274	0.418483	0.405887	0.491219	0.36652
0.487882	0.424242	0.441865	0.513082	0.509679	0.466489	0.537221	0.566114	0.566334	0.481184	0.545903	0.423183	0.42434	0.589999	0.443121	0.555846	0.578229	0.402805
