18	4
114	259
331	192
311	43	0.630728
311	45	0.338873
317	37	1.66887
318	41	0.341057
312	47	0.502701
234	338	0.457836
238	342	0.220399
242	342	1.198
234	340	0.263205
235	341	0.272383
42	247	1.73585
38	249	0.233339
42	253	0.233515
44	257	1.65514
119	46	0.537089
113	49	2.08212
113	44	0.336767
120	48	0.324616
0.379162	0.353572	0.432554	0.377101	0.355768	0.464834	0.358973	0.396097	0.481301	0.407248	0.387725	0.343087	0.432077	0.431334	0.432867	0.34685	0.474314	0.479565
0.471954	0.543926	0.532018	0.581377	0.46349	0.511654	0.470557	0.572169	0.40687	0.433496	0.567204	0.461042	0.584253	0.425164	0.599659	0.536351	0.471893	0.493134
