18	4
250	328
108	336
59	300	0.951357
67	305	1.09128
65	298	0.430945
63	304	0.343448
63	299	0.423001
13	41	1.26433
13	45	0.499302
8	46	1.54639
18	47	1.5329
18	42	0.477709
191	92	0.986719
190	86	0.980876
187	87	0.348496
194	91	0.469473
332	284	1.9307
338	277	1.34466
338	285	0.406944
333	275	0.420462
0.477342	0.493703	0.384557	0.328153	0.355856	0.326924	0.3344	0.319086	0.425844	0.402883	0.369229	0.38175	0.319598	0.490326	0.464527	0.472917	0.452141	0.435701
0.464153	0.440754	0.576931	0.572825	0.465867	0.407847	0.444219	0.505377	0.580474	0.400889	0.504407	0.558506	0.479887	0.549337	0.435064	0.507634	0.459153	0.508016
