**************** ***** ****************
**************** ***** ****************
**************** ***** ****************
====>> objective value: 1462.73
====>> v value: 141.559
====>> nb of Benders cuts(not including user cut): 142
====>> nb of Benders cuts(user cuts): 0
====>> nb of subtour cuts: 107
====>> optimal TSP Solution matrix: 
0  0  0  0  0  0  0  0  0  0  0  0  0  0  0  1  0  0  0  0  0  0  
0  0  0  0  0  0  0  0  0  0  1  0  0  0  0  0  0  0  0  0  0  0  
0  0  0  0  1  0  0  0  0  0  0  0  0  0  0  0  0  0  0  0  0  0  
0  0  0  0  0  0  0  0  0  0  0  0  0  0  0  0  0  0  0  0  1  0  
0  0  0  0  0  0  0  0  0  0  0  0  1  0  0  0  0  0  0  0  0  0  
0  0  0  0  0  0  0  0  1  0  0  0  0  0  0  0  0  0  0  0  0  0  
0  0  0  0  0  0  0  1  0  0  0  0  0  0  0  0  0  0  0  0  0  0  
0  0  0  0  0  0  0  0  0  0  0  0  0  0  1  0  0  0  0  0  0  0  
0  0  0  1  0  0  0  0  0  0  0  0  0  0  0  0  0  0  0  0  0  0  
0  0  0  0  0  0  1  0  0  0  0  0  0  0  0  0  0  0  0  0  0  0  
0  0  0  0  0  0  0  0  0  0  0  0  0  1  0  0  0  0  0  0  0  0  
0  0  0  0  0  0  0  0  0  0  0  0  0  0  0  0  0  1  0  0  0  0  
0  0  0  0  0  0  0  0  0  0  0  0  0  0  0  0  0  0  0  0  0  1  
0  0  0  0  0  0  0  0  0  1  0  0  0  0  0  0  0  0  0  0  0  0  
0  0  0  0  0  0  0  0  0  0  0  1  0  0  0  0  0  0  0  0  0  0  
0  0  0  0  0  1  0  0  0  0  0  0  0  0  0  0  0  0  0  0  0  0  
0  0  0  0  0  0  0  0  0  0  0  0  0  0  0  0  0  0  0  1  0  0  
0  0  1  0  0  0  0  0  0  0  0  0  0  0  0  0  0  0  0  0  0  0  
0  0  0  0  0  0  0  0  0  0  0  0  0  0  0  0  1  0  0  0  0  0  
0  1  0  0  0  0  0  0  0  0  0  0  0  0  0  0  0  0  0  0  0  0  
0  0  0  0  0  0  0  0  0  0  0  0  0  0  0  0  0  0  1  0  0  0  
1  0  0  0  0  0  0  0  0  0  0  0  0  0  0  0  0  0  0  0  0  0  
====>> current best visiting sequence: 0  15  5  8  3  20  18  16  19  1  10  13  9  6  7  14  11  17  2  4  12  21