21
1.1	30.092
12.022	24.894
3.665	35.14	1.0
13.375	33.918	1.0
6.89	32.057	1.0
20.637	35.675	1.0
23.514	24.389	1.0
28.041	12.909	1.0
8.021	6.945	1.0
2.78	18.478	1.0
14.198	18.037	1.0
27.321	17.889	1.0
22.296	7.029	1.0
18.535	6.764	1.0
1.667	9.28	1.0
24.518	9.998	1.0
23.185	36.181	1.0
14.476	2.305	1.0
21.987	2.236	1.0
31.361	1.571	1.0
13.936	22.455	1.0
31.762	32.871	1.0
30.959	21.293	1.0
0.857	0.766	0.883	0.859	0.88	0.842	0.886	0.771	0.762	0.8	0.712	0.81	0.889	0.76	0.709	0.774	0.701	0.86	0.797	0.707	0.749