21
34.516	15.259
46.946	22.582
2.233	38.481	1.0
48.201	47.699	1.0
47.729	51.954	1.0
50.52	18.814	1.0
52.502	51.883	1.0
15.13	10.767	1.0
46.395	32.926	1.0
31.488	49.853	1.0
41.731	43.844	1.0
32.11	2.976	1.0
24.742	50.641	1.0
36.533	12.186	1.0
11.15	22.664	1.0
17.062	4.372	1.0
2.598	23.668	1.0
3.522	52.622	1.0
40.207	50.48	1.0
32.093	14.871	1.0
39.663	45.249	1.0
5.595	6.611	1.0
37.209	46.692	1.0
0.787	0.888	0.741	0.714	0.813	0.703	0.875	0.805	0.789	0.853	0.709	0.794	0.845	0.868	0.748	0.75	0.839	0.803	0.794	0.763	0.794