22
4.627	44.832
51.466	52.411
7.628	12.792	1.0
44.228	10.397	1.0
17.608	55.212	1.0
8.707	20.927	1.0
50.891	19.547	1.0
53.124	12.869	1.0
25.568	1.736	1.0
48.519	46.345	1.0
16.603	8.952	1.0
47.451	34.111	1.0
53.299	51.614	1.0
46.379	53.339	1.0
44.845	42.333	1.0
39.293	12.291	1.0
8.54	7.913	1.0
27.911	37.626	1.0
0.946	30.501	1.0
22.828	26.462	1.0
10.693	15.795	1.0
41.634	14.313	1.0
26.116	27.019	1.0
16.483	40.618	1.0
0.889	0.705	0.801	0.88	0.752	0.855	0.78	0.832	0.802	0.817	0.889	0.731	0.721	0.825	0.82	0.797	0.881	0.735	0.763	0.737	0.786	0.82