23
45.772	22.227
29.93	43.682
10.222	10.447	1.0
25.685	18.656	1.0
33.174	0.821	1.0
34.815	47.648	1.0
31.034	47.915	1.0
23.34	30.182	1.0
36.094	40.302	1.0
36.835	30.548	1.0
39.596	25.229	1.0
17.512	6.22	1.0
38.854	39.602	1.0
39.766	45.357	1.0
30.067	23.872	1.0
35.817	21.915	1.0
26.133	47.132	1.0
27.459	28.162	1.0
10.75	43.227	1.0
36.915	16.969	1.0
27.801	35.12	1.0
43.679	45.673	1.0
19.618	37.071	1.0
25.791	6.568	1.0
47.772	10.158	1.0
0.743	0.761	0.853	0.858	0.828	0.806	0.715	0.851	0.801	0.888	0.883	0.736	0.808	0.751	0.737	0.88	0.765	0.787	0.892	0.804	0.89	0.71	0.782