24
11.907	33.412
6.983	8.721
9.876	8.704	1.0
23.573	39.556	1.0
1.725	10.449	1.0
37.069	13.243	1.0
43.382	20.306	1.0
27.376	34.198	1.0
20.43	39.684	1.0
35.045	15.199	1.0
33.112	0.583	1.0
24.915	21.526	1.0
25.24	12.689	1.0
21.517	34.031	1.0
26.167	41.614	1.0
20.757	10.487	1.0
39.193	17.199	1.0
40.293	8.71	1.0
29.832	30.925	1.0
27.941	0.069	1.0
20.271	18.126	1.0
41.322	0.64	1.0
33.166	20.467	1.0
18.703	7.115	1.0
7.093	15.304	1.0
0.535	23.157	1.0
0.791	0.725	0.722	0.893	0.892	0.854	0.773	0.789	0.816	0.719	0.875	0.82	0.711	0.862	0.81	0.867	0.738	0.878	0.733	0.877	0.866	0.755	0.848	0.888