25
57.026	33.211
50.816	50.26
32.54	14.752	1.0
16.325	30.83	1.0
12.783	9.445	1.0
33.588	5.27	1.0
39.265	42.139	1.0
30.657	22.892	1.0
17.378	10.607	1.0
4.625	26.124	1.0
54.646	50.491	1.0
57.353	1.959	1.0
14.343	1.264	1.0
43.292	30.616	1.0
39.402	36.805	1.0
36.459	11.656	1.0
23.469	30.324	1.0
57.923	44.786	1.0
52.268	34.3	1.0
28.102	3.92	1.0
12.067	47.145	1.0
43.276	44.421	1.0
30.029	36.976	1.0
47.511	0.15	1.0
55.479	12.31	1.0
46.958	41.008	1.0
3.491	41.142	1.0
0.852	0.713	0.758	0.823	0.76	0.729	0.795	0.793	0.709	0.779	0.829	0.86	0.874	0.868	0.844	0.86	0.778	0.789	0.742	0.746	0.882	0.835	0.833	0.896	0.824