26
23.586	35.706
1.241	34.45
9.321	12.734	1.0
35.757	23.233	1.0
35.198	15.034	1.0
22.188	25.294	1.0
33.788	11.785	1.0
31.672	20.779	1.0
1.715	14.188	1.0
2.254	25.272	1.0
22.362	8.652	1.0
16.266	6.009	1.0
20.142	5.889	1.0
7.103	1.386	1.0
4.717	4.726	1.0
10.868	32.176	1.0
28.177	31.462	1.0
15.332	14.798	1.0
5.223	16.287	1.0
14.352	20.951	1.0
14.291	7.943	1.0
17.663	27.442	1.0
29.165	0.019	1.0
19.655	16.475	1.0
23.29	17.424	1.0
25.598	25.634	1.0
5.959	21.216	1.0
6.062	35.561	1.0
0.802	0.879	0.733	0.805	0.811	0.893	0.823	0.852	0.75	0.837	0.759	0.868	0.753	0.869	0.734	0.852	0.824	0.724	0.826	0.894	0.75	0.882	0.832	0.719	0.733	0.874