27
4.568	3.604
26.456	29.577
24.204	32.537	1.0
24.519	43.292	1.0
39.974	4.128	1.0
36.033	13.386	1.0
43.755	17.43	1.0
27.653	5.41	1.0
19.033	18.879	1.0
45.974	36.785	1.0
8.097	41.093	1.0
6.88	19.376	1.0
48.675	38.588	1.0
42.013	31.615	1.0
47.162	40.597	1.0
5.753	34.693	1.0
50.603	51.4	1.0
22.999	49.383	1.0
38.286	15.378	1.0
20.798	47.755	1.0
11.585	22.703	1.0
31.952	2.194	1.0
20.491	21.335	1.0
42.54	9.722	1.0
48.558	12.099	1.0
17.792	39.718	1.0
51.366	1.039	1.0
13.872	26.148	1.0
11.173	29.535	1.0
0.751	0.85	0.775	0.705	0.723	0.747	0.869	0.893	0.867	0.701	0.759	0.749	0.8	0.808	0.871	0.894	0.744	0.783	0.844	0.725	0.848	0.804	0.783	0.824	0.871	0.857	0.745