28
57.846	107.865
16.422	69.582
38.681	86.928	1.0
90.151	70.585	1.0
62.321	12.291	1.0
17.265	10.909	1.0
101.473	20.198	1.0
68.937	29.38	1.0
81.421	79.032	1.0
91.602	34.873	1.0
9.993	39.515	1.0
40.127	22.982	1.0
50.708	51.378	1.0
100.019	37.134	1.0
67.631	18.892	1.0
28.615	112.219	1.0
31.787	86.214	1.0
84.651	30.539	1.0
21.049	72.072	1.0
108.337	88.352	1.0
9.539	12.19	1.0
46.542	41.894	1.0
103.599	92.77	1.0
70.521	38.212	1.0
97.358	7.115	1.0
98.179	81.86	1.0
109.478	39.937	1.0
3.416	101.422	1.0
49.26	89.028	1.0
84.172	109.347	1.0
0.898	0.77	0.703	0.822	0.743	0.759	0.718	0.825	0.878	0.833	0.83	0.762	0.734	0.741	0.76	0.727	0.718	0.736	0.73	0.867	0.888	0.77	0.894	0.821	0.838	0.862	0.728	0.876