28
47.196	53.209
19.978	4.628
27.242	46.894	1.0
16.224	42.739	1.0
48.123	14.683	1.0
59.092	60.813	1.0
45.869	2.321	1.0
8.878	29.983	1.0
31.089	31.177	1.0
42.218	23.498	1.0
29.059	33.71	1.0
23.837	55.204	1.0
45.321	30.71	1.0
32.38	18.787	1.0
1.393	2.804	1.0
52.276	42.08	1.0
38.636	37.626	1.0
23.257	34.885	1.0
48.33	30.082	1.0
17.839	60.82	1.0
48.718	54.201	1.0
22.363	25.678	1.0
43.113	59.576	1.0
25.846	13.034	1.0
52.266	13.815	1.0
32.642	50.875	1.0
32.344	6.803	1.0
38.125	7.196	1.0
31.984	47.76	1.0
55.77	25.341	1.0
0.764	0.829	0.859	0.814	0.763	0.725	0.849	0.788	0.722	0.799	0.739	0.827	0.813	0.881	0.81	0.844	0.813	0.875	0.766	0.796	0.882	0.791	0.782	0.779	0.883	0.769	0.785	0.827