29
2.212	12.879
15.212	11.779
16.467	6.962	1.0
0.548	9.083	1.0
2.193	1.539	1.0
17.332	9.547	1.0
0.586	20.462	1.0
17.348	17.709	1.0
15.778	1.878	1.0
6.584	9.715	1.0
3.02	18.961	1.0
8.071	5.116	1.0
3.463	11.987	1.0
21.247	2.451	1.0
19.721	11.52	1.0
5.542	6.766	1.0
5.137	3.23	1.0
11.03	19.723	1.0
21.247	17.708	1.0
6.563	19.98	1.0
19.953	8.108	1.0
9.221	14.396	1.0
13.633	8.683	1.0
13.369	14.478	1.0
18.212	13.999	1.0
7.016	12.304	1.0
12.11	3.005	1.0
9.447	9.658	1.0
9.161	1.329	1.0
12.775	11.726	1.0
18.628	3.499	1.0
0.858	0.882	0.771	0.781	0.727	0.739	0.796	0.704	0.788	0.783	0.848	0.76	0.828	0.9	0.754	0.854	0.773	0.873	0.792	0.869	0.867	0.889	0.839	0.777	0.821	0.885	0.863	0.887	0.708