29
10.047	8.523
6.503	2.052
17.521	11.605	1.0
16.217	14.038	1.0
4.61	13.912	1.0
4.748	16.438	1.0
14.928	7.895	1.0
20.864	17.328	1.0
20.476	20.15	1.0
8.332	15.57	1.0
10.073	2.521	1.0
16.672	3.062	1.0
14.37	18.139	1.0
0.368	18.769	1.0
1.943	3.804	1.0
12.285	9.633	1.0
21.243	5.086	1.0
10.494	21.249	1.0
12.147	5.319	1.0
17.258	8.909	1.0
8.009	19.578	1.0
18.953	1.885	1.0
5.467	9.229	1.0
11.866	12.287	1.0
8.795	12.185	1.0
8.465	5.079	1.0
20.968	11.369	1.0
19.303	15.222	1.0
11.646	16.519	1.0
0.413	13.125	1.0
0.702	0.654	1.0
0.729	0.827	0.788	0.711	0.832	0.708	0.726	0.754	0.764	0.877	0.748	0.752	0.868	0.763	0.716	0.728	0.761	0.827	0.86	0.771	0.853	0.741	0.766	0.726	0.717	0.861	0.855	0.82	0.73