30
13.972	55.113
64.198	40.049
19.343	56.611	1.0
6.512	15.393	1.0
64.789	66.567	1.0
76.074	58.613	1.0
5.368	9.24	1.0
12.329	15.126	1.0
17.172	43.563	1.0
21.279	25.875	1.0
59.588	45.481	1.0
29.44	34.708	1.0
51.927	10.371	1.0
9.734	21.486	1.0
7.893	0.044	1.0
27.783	72.028	1.0
42.55	51.076	1.0
70.223	39.645	1.0
40.527	21.202	1.0
15.653	37.574	1.0
73.297	6.766	1.0
56.917	8.925	1.0
9.39	16.383	1.0
45.375	42.485	1.0
77.07	52.671	1.0
11.783	65.168	1.0
49.874	13.81	1.0
32.259	5.396	1.0
47.199	65.43	1.0
36.474	66.292	1.0
34.698	55.875	1.0
37.352	19.447	1.0
0.831	0.742	0.751	0.725	0.874	0.731	0.881	0.812	0.727	0.877	0.716	0.74	0.798	0.716	0.758	0.746	0.767	0.783	0.763	0.856	0.843	0.823	0.714	0.865	0.727	0.704	0.836	0.9	0.861	0.891