30
9.024	3.441
7.54	41.626
62.144	42.652	1.0
21.389	0.532	1.0
59.261	6.899	1.0
48.627	55.416	1.0
55.004	48.648	1.0
6.97	57.336	1.0
39.066	34.596	1.0
15.969	40.606	1.0
28.751	45.522	1.0
4.898	52.437	1.0
1.086	14.533	1.0
25.503	0.582	1.0
21.448	18.73	1.0
36.856	26.093	1.0
27.552	24.379	1.0
20.873	43.372	1.0
55.49	41.818	1.0
22.508	62.177	1.0
29.455	54.553	1.0
31.622	36.687	1.0
15.517	58.863	1.0
16.58	0.659	1.0
15.767	44.218	1.0
16.577	16.651	1.0
52.028	40.239	1.0
49.158	15.696	1.0
38.578	50.183	1.0
42.182	15.417	1.0
17.753	35.947	1.0
9.953	60.103	1.0
0.846	0.818	0.789	0.839	0.886	0.748	0.879	0.89	0.755	0.844	0.776	0.76	0.879	0.891	0.853	0.801	0.768	0.814	0.882	0.744	0.849	0.793	0.754	0.755	0.84	0.705	0.882	0.774	0.863	0.815