22
455	471
50	140
82	137	10.7863
281	336	23.2741
240	74	10.0425
120	292	9.89711
63	435	23.2848
175	102	9.68403
17	352	33.4713
130	117	14.3816
179	130	10.5095
466	370	31.7967
214	95	13.2241
267	183	5.94991
103	1	38.5429
143	306	7.61844
65	176	14.7867
285	186	6.10996
161	291	8.56694
380	258	31.0138
422	187	29.3379
290	399	21.5206
130	479	20.6657
128	424	18.0955
1e-06	1e-06	1e-06	1e-06	1e-06	1e-06	1e-06	1e-06	1e-06	1e-06	1e-06	1e-06	1e-06	1e-06	1e-06	1e-06	1e-06	1e-06	1e-06	1e-06	1e-06	1e-06
100000	100000	100000	100000	100000	100000	100000	100000	100000	100000	100000	100000	100000	100000	100000	100000	100000	100000	100000	100000	100000	100000
