22
318	316
297	150
37	178	6.40878
354	381	4.31637
358	346	1.43011
22	364	1.8309
257	421	13.0726
56	272	5.75636
99	162	4.52855
242	72	12.2422
413	220	19.359
2	12	35.1153
300	267	9.1365
350	310	7.63034
154	346	11.6012
124	168	1.07702
163	223	8.69817
301	350	5.37887
128	132	5.95268
91	230	1.30452
255	12	1.67159
12	371	1.08535
67	154	2.46215
355	437	8.13299
0.337337	0.364284	0.4993	0.334241	0.427491	0.334653	0.400686	0.385633	0.33919	0.37626	0.305766	0.44101	0.33166	0.445503	0.301039	0.428966	0.346992	0.354852	0.316119	0.371799	0.489462	0.413409
0.594921	0.570034	0.459211	0.496864	0.583445	0.498588	0.506007	0.544396	0.413753	0.520524	0.455738	0.425876	0.49578	0.531251	0.429894	0.499501	0.43204	0.540495	0.521038	0.412531	0.427452	0.456245
