22
75	458
196	78
162	183	8.24821
174	326	12.2125
425	162	20.5563
305	279	20.5566
63	222	21.0489
420	284	14.0781
57	324	12.4088
46	30	30.2912
3	276	15.9379
384	245	12.9817
240	452	32.4541
258	160	23.2872
32	133	8.22072
444	57	24.9525
4	148	8.31209
414	415	25.268
61	366	8.77813
447	326	10.7478
182	218	8.73609
254	4	21.1729
29	418	12.3828
132	336	12.5092
1e-06	1e-06	1e-06	1e-06	1e-06	1e-06	1e-06	1e-06	1e-06	1e-06	1e-06	1e-06	1e-06	1e-06	1e-06	1e-06	1e-06	1e-06	1e-06	1e-06	1e-06	1e-06
100000	100000	100000	100000	100000	100000	100000	100000	100000	100000	100000	100000	100000	100000	100000	100000	100000	100000	100000	100000	100000	100000
