22
48	448
331	176
3	399	15.1043
231	136	33.3868
17	132	32.8341
153	417	14.6089
57	282	21.7394
331	361	15.9228
407	72	21.7904
312	319	18.0476
353	59	19.4165
376	125	21.6819
481	8	36.3403
432	132	19.6683
184	344	3.43284
63	395	19.3245
26	437	8.34281
136	380	15.4989
173	341	4.47498
103	322	19.54
214	9	44.7468
431	376	35.4027
102	162	33.3789
246	387	25.4414
1e-06	1e-06	1e-06	1e-06	1e-06	1e-06	1e-06	1e-06	1e-06	1e-06	1e-06	1e-06	1e-06	1e-06	1e-06	1e-06	1e-06	1e-06	1e-06	1e-06	1e-06	1e-06
100000	100000	100000	100000	100000	100000	100000	100000	100000	100000	100000	100000	100000	100000	100000	100000	100000	100000	100000	100000	100000	100000
