22
113	397
69	88
72	43	5.16941
352	342	2.41512
165	136	12.2199
53	141	13.08
308	85	13.2867
137	2	18.6933
77	298	8.07616
449	409	9.19173
101	270	8.56642
26	1	15.6628
357	105	12.6346
341	345	3.35079
125	95	16.0273
361	313	7.81464
320	206	21.281
63	61	5.61881
155	427	15.1885
475	373	9.91894
214	144	11.1394
331	380	7.28234
390	260	14.8997
53	478	25.6016
1e-06	1e-06	1e-06	1e-06	1e-06	1e-06	1e-06	1e-06	1e-06	1e-06	1e-06	1e-06	1e-06	1e-06	1e-06	1e-06	1e-06	1e-06	1e-06	1e-06	1e-06	1e-06
100000	100000	100000	100000	100000	100000	100000	100000	100000	100000	100000	100000	100000	100000	100000	100000	100000	100000	100000	100000	100000	100000
