22
309	326
230	383
323	407	2.42536
223	424	6.11863
449	327	6.00975
16	350	7.88189
131	362	11.7977
289	89	22.1981
81	400	8.05042
32	86	6.0708
261	299	6.39282
256	473	2.4108
200	205	21.6864
483	236	10.2618
72	343	9.35767
417	258	10.1058
77	48	9.336
265	460	2.77015
404	378	6.19785
340	398	3.76745
32	214	5.75669
408	119	17.4808
43	254	4.58139
447	366	6.3826
1e-06	1e-06	1e-06	1e-06	1e-06	1e-06	1e-06	1e-06	1e-06	1e-06	1e-06	1e-06	1e-06	1e-06	1e-06	1e-06	1e-06	1e-06	1e-06	1e-06	1e-06	1e-06
100000	100000	100000	100000	100000	100000	100000	100000	100000	100000	100000	100000	100000	100000	100000	100000	100000	100000	100000	100000	100000	100000
