22
338	61
38	81
401	350	12.8873
216	150	13.545
274	287	8.83696
397	178	16.2945
449	197	11.1588
163	150	11.2919
278	474	26.7409
312	353	10.5828
150	272	17.5095
359	262	6.79956
141	409	20.2836
233	289	10.5775
49	276	7.70269
266	104	12.4843
382	243	6.14073
273	47	15.6481
153	75	15.6755
18	272	8.07715
181	337	15.2715
404	410	12.9082
80	471	20.8312
353	371	13.3762
1e-06	1e-06	1e-06	1e-06	1e-06	1e-06	1e-06	1e-06	1e-06	1e-06	1e-06	1e-06	1e-06	1e-06	1e-06	1e-06	1e-06	1e-06	1e-06	1e-06	1e-06	1e-06
100000	100000	100000	100000	100000	100000	100000	100000	100000	100000	100000	100000	100000	100000	100000	100000	100000	100000	100000	100000	100000	100000
