22
369	117
89	139
353	431	25.8133
206	89	15.2801
157	328	1.20189
456	335	15.1516
269	266	30.8906
443	400	24.9664
107	212	27.8071
36	148	16.9757
281	390	32.9482
351	127	4.07631
315	147	15.6124
410	29	32.58
25	418	6.81356
32	401	7.02661
349	116	3.54673
454	292	13.2727
421	285	10.5814
154	327	1.08107
27	277	31.4907
205	134	16.3253
262	175	23.8148
51	375	12.1627
1e-06	1e-06	1e-06	1e-06	1e-06	1e-06	1e-06	1e-06	1e-06	1e-06	1e-06	1e-06	1e-06	1e-06	1e-06	1e-06	1e-06	1e-06	1e-06	1e-06	1e-06	1e-06
100000	100000	100000	100000	100000	100000	100000	100000	100000	100000	100000	100000	100000	100000	100000	100000	100000	100000	100000	100000	100000	100000
