22
75	256
193	45
273	69	12.2637
309	96	12.9021
180	257	8.34771
451	391	25.7519
386	322	26.8774
34	317	20.5011
278	375	11.8629
196	66	5.46113
196	229	7.58657
158	329	20.1069
55	426	5.55884
349	225	26.045
369	483	11.2742
149	403	5.63411
222	388	15.8117
204	480	19.8744
74	424	4.82346
171	415	5.31166
155	188	13.3567
235	178	17.7898
119	147	13.7157
333	466	9.19466
1e-06	1e-06	1e-06	1e-06	1e-06	1e-06	1e-06	1e-06	1e-06	1e-06	1e-06	1e-06	1e-06	1e-06	1e-06	1e-06	1e-06	1e-06	1e-06	1e-06	1e-06	1e-06
100000	100000	100000	100000	100000	100000	100000	100000	100000	100000	100000	100000	100000	100000	100000	100000	100000	100000	100000	100000	100000	100000
