22
359	287
258	181
198	301	15.57
455	207	1.59785
159	305	15.257
377	111	26.0936
118	397	31.3075
419	28	6.13162
296	324	22.8044
147	62	33.4616
232	380	26.0611
399	468	54.5118
304	214	12.0367
140	154	25.5045
19	437	38.1546
401	31	6.34208
203	248	14.1631
217	460	27.9034
423	282	19.5543
134	256	9.60264
450	208	1.58184
204	190	21.1298
295	252	12.2794
161	248	9.99759
1e-06	1e-06	1e-06	1e-06	1e-06	1e-06	1e-06	1e-06	1e-06	1e-06	1e-06	1e-06	1e-06	1e-06	1e-06	1e-06	1e-06	1e-06	1e-06	1e-06	1e-06	1e-06
100000	100000	100000	100000	100000	100000	100000	100000	100000	100000	100000	100000	100000	100000	100000	100000	100000	100000	100000	100000	100000	100000
