22
412	97
67	398
148	120	6.4072
327	387	8.49446
129	102	7.22285
57	22	17.3031
442	211	7.29384
464	198	7.46958
97	403	6.62983
308	417	9.75869
361	316	2.3149
102	95	7.8161
83	162	18.3232
462	141	12.4965
306	359	8.06274
159	427	6.0773
459	389	13.8932
462	467	21.7886
410	386	12.2057
78	361	8.45244
155	26	20.738
147	408	4.63989
203	84	14.5121
352	320	2.47658
1e-06	1e-06	1e-06	1e-06	1e-06	1e-06	1e-06	1e-06	1e-06	1e-06	1e-06	1e-06	1e-06	1e-06	1e-06	1e-06	1e-06	1e-06	1e-06	1e-06	1e-06	1e-06
100000	100000	100000	100000	100000	100000	100000	100000	100000	100000	100000	100000	100000	100000	100000	100000	100000	100000	100000	100000	100000	100000
