15
203	288
173	50
154	167	1.10351
75	298	15.4403
165	105	2.88377
150	134	1.70858
282	38	8.72346
49	171	2.53318
141	241	0.66429
259	80	1.2533
243	164	13.0582
133	165	2.60463
148	172	0.86656
220	69	7.86592
80	99	18.9507
252	255	0.765111
237	286	8.56907
0.387408	0.351715	0.4544	0.344886	0.378738	0.446981	0.461331	0.32467	0.431547	0.478675	0.425458	0.412028	0.492254	0.396144	0.404649
0.46568	0.445969	0.55825	0.472979	0.545261	0.526545	0.574198	0.547018	0.480447	0.499824	0.575098	0.401887	0.59401	0.52205	0.470577
