15
31	20
54	49
69	235	4.48951
271	124	0.542252
56	65	0.491647
30	175	4.76454
35	299	6.48259
130	117	0.693371
203	228	9.74773
274	55	15.5749
175	128	6.89081
50	58	0.833967
109	277	6.06019
239	161	8.27046
116	94	4.48872
285	219	12.0189
290	158	4.48712
0.4202	0.416478	0.306488	0.447355	0.371797	0.441055	0.306499	0.305346	0.482886	0.315046	0.484125	0.374893	0.497928	0.458114	0.347037
0.49996	0.586562	0.487929	0.486534	0.403743	0.475131	0.529043	0.498505	0.402227	0.591461	0.579329	0.521668	0.530582	0.505803	0.589356
