15
224	238
113	245
252	140	1.15022
103	275	8.23301
13	224	19.3339
284	111	5.29416
230	189	10.067
154	205	0.707587
275	24	4.41131
82	178	4.70345
263	250	5.89852
72	261	0.990894
178	231	6.17484
116	109	5.9715
22	76	10.7554
163	207	1.0765
206	39	14.1521
0.370311	0.399039	0.353374	0.418848	0.472384	0.483355	0.461284	0.480947	0.320019	0.353908	0.492196	0.426694	0.439226	0.488648	0.380039
0.529803	0.57958	0.552494	0.488628	0.506992	0.578048	0.538111	0.45855	0.562345	0.509245	0.556354	0.503403	0.448926	0.458294	0.477961
