15
121	259
90	89
37	159	23.6777
253	242	25.3375
42	81	21.1746
268	299	13.237
210	211	6.50055
152	244	23.0056
97	187	17.0173
127	75	25.9113
107	216	2.63358
300	283	8.5502
223	218	1.12669
7	116	7.76282
94	108	4.34104
93	34	1.47647
90	31	1.47537
0.360945	0.49226	0.492928	0.368274	0.459859	0.46442	0.470142	0.370252	0.485149	0.369766	0.313252	0.411798	0.471784	0.487149	0.304979
0.43097	0.450517	0.455869	0.503263	0.544457	0.498084	0.402181	0.423569	0.43117	0.419076	0.549963	0.444508	0.599068	0.574447	0.406709
