15
290	122
82	39
174	244	7.36213
208	10	15.1675
241	161	2.00483
37	120	1.28137
239	282	9.32981
66	269	15.6974
135	206	2.15844
284	296	1.87427
297	249	3.76862
30	184	5.90834
145	217	1.87935
31	77	7.88556
168	131	1.55418
1	230	4.58703
261	155	1.8844
0.360992	0.458362	0.444503	0.43646	0.46463	0.332777	0.300735	0.490449	0.41043	0.371945	0.310573	0.415902	0.382312	0.438428	0.327266
0.496576	0.450692	0.429923	0.48587	0.499887	0.428211	0.542259	0.510391	0.407592	0.425833	0.508172	0.475985	0.515101	0.568705	0.462602
