15
18	167
135	55
160	84	4.77422
69	53	3.12887
294	137	2.20643
79	213	10.0254
67	1	7.94046
144	223	1.8126
209	217	1.1081
170	204	2.01328
258	136	4.43502
214	274	11.219
275	98	3.69634
142	19	3.90223
42	43	1.78896
162	230	2.79044
170	161	8.60641
0.496382	0.342254	0.457492	0.336023	0.345577	0.493475	0.415446	0.446375	0.467961	0.496184	0.469183	0.42629	0.362749	0.48732	0.315585
0.53448	0.564368	0.401386	0.555356	0.485595	0.437528	0.510462	0.58855	0.40987	0.55019	0.437441	0.580867	0.457381	0.43672	0.536632
