15
211	247
293	136
111	210	6.52505
109	91	1.64566
142	78	7.0563
61	89	10.7306
116	148	5.90529
259	96	7.24291
244	297	8.91945
209	259	1.7253
108	43	1.73781
127	3	6.88912
189	187	7.42753
259	263	0.99503
166	226	1.44844
270	161	3.39788
120	179	0.67137
0.403605	0.424582	0.330204	0.456998	0.485302	0.486659	0.408231	0.393036	0.374489	0.490049	0.309578	0.461729	0.343246	0.487976	0.494837
0.567614	0.491485	0.560147	0.585178	0.408767	0.56304	0.526141	0.477045	0.475076	0.441537	0.571646	0.424189	0.577921	0.422657	0.529354
