15
220	70
31	155
282	41	1.03455
142	104	5.93052
114	111	1.72467
153	14	11.0798
0	234	17.3322
192	181	2.28145
47	159	1.30654
292	4	9.02001
229	34	4.67348
195	68	2.56002
231	228	9.82947
107	232	2.14773
148	210	4.63193
291	70	1.82464
275	62	2.25227
0.360466	0.401115	0.329189	0.331139	0.49417	0.350679	0.449848	0.45852	0.432109	0.330013	0.361512	0.360019	0.481469	0.323791	0.396529
0.495178	0.561439	0.462656	0.413739	0.544327	0.572416	0.443466	0.422507	0.557296	0.431128	0.432689	0.539981	0.409392	0.562651	0.452814
