15
222	300
82	276
292	246	8.59828
222	107	7.64048
38	208	27.4983
64	255	6.80755
266	69	16.5731
218	183	41.4367
279	297	24.1192
20	152	6.74857
57	102	26.0668
157	44	16.5186
229	44	7.63521
92	12	24.6077
217	20	7.48879
142	92	15.8061
121	135	14.4261
0.397044	0.378371	0.465448	0.44112	0.342032	0.4806	0.367323	0.328453	0.49863	0.491855	0.424633	0.435925	0.330539	0.460281	0.493499
0.522439	0.404405	0.591587	0.409657	0.414094	0.414637	0.480319	0.513993	0.463243	0.564981	0.478446	0.572593	0.437988	0.499326	0.444059
