15
83	188
58	176
221	182	2.81245
262	193	5.06563
26	134	1.42373
162	268	17.2431
77	143	3.15286
46	171	1.61587
294	88	1.08141
72	103	3.5001
281	274	3.6779
274	256	0.750158
109	102	5.1152
291	98	0.66836
40	276	7.1594
0	142	4.51533
219	9	23.3532
0.335836	0.48874	0.445386	0.310732	0.324587	0.499259	0.394374	0.452236	0.306132	0.41328	0.383952	0.319201	0.310374	0.446565	0.4582
0.456027	0.458267	0.566448	0.593634	0.442352	0.42262	0.492137	0.523711	0.485513	0.46288	0.547598	0.411802	0.411923	0.576451	0.475955
