15
85	275
33	131
108	123	13.4002
220	292	15.9197
22	70	2.4016
156	220	2.8337
180	21	5.7701
9	81	1.52706
66	184	1.17046
209	41	2.26202
179	230	2.41963
287	133	25.6395
163	67	3.53788
183	122	1.14271
163	89	1.50012
16	219	8.71374
75	9	12.279
0.451203	0.441704	0.352244	0.36048	0.33939	0.346206	0.453872	0.476092	0.360342	0.403654	0.436289	0.397269	0.380903	0.467984	0.339667
0.529267	0.561785	0.51463	0.43793	0.508796	0.427252	0.443868	0.400595	0.546867	0.552586	0.421048	0.401033	0.417796	0.548876	0.477982
