15
188	153
228	172
26	240	2.41315
233	255	17.4803
192	43	1.15004
71	290	12.8522
67	37	2.80352
15	270	3.11069
128	228	5.17309
221	182	0.726106
100	24	3.50954
239	143	5.73926
116	188	1.64852
107	63	6.38842
157	15	9.04386
128	199	1.02196
199	115	3.61484
0.350347	0.332585	0.312021	0.495432	0.459139	0.498779	0.422014	0.306212	0.348633	0.398185	0.322442	0.454316	0.364036	0.391189	0.446967
0.456591	0.596577	0.46925	0.564576	0.446964	0.500442	0.521922	0.5779	0.585186	0.507581	0.417792	0.503022	0.44045	0.473889	0.566374
