15
136	203
128	114
188	81	2.61021
73	112	3.94123
124	102	1.70172
226	183	4.76219
162	258	6.73914
75	36	0.903996
55	225	5.73061
35	149	5.6119
158	19	10.1087
279	137	4.30894
228	263	1.92758
233	66	4.8063
65	9	2.47732
294	185	3.74636
95	146	5.1648
0.341239	0.412506	0.321717	0.468478	0.321932	0.358012	0.416905	0.322651	0.376907	0.420079	0.322441	0.377337	0.354555	0.349775	0.466773
0.51247	0.410862	0.490089	0.422485	0.45109	0.470517	0.57999	0.574765	0.589686	0.572356	0.57777	0.536476	0.597012	0.483799	0.585228
