15
253	194
46	62
42	144	1.43302
292	209	6.19047
272	277	7.99401
36	298	18.5589
274	67	2.38816
200	252	3.0333
1	146	4.16132
210	79	1.21435
52	121	3.76081
251	93	2.66515
280	170	2.76913
198	205	7.40375
267	151	2.6814
129	222	2.9044
140	49	14.3795
0.336943	0.340279	0.463966	0.333173	0.433213	0.448246	0.336801	0.422344	0.458567	0.45377	0.31518	0.438228	0.392167	0.456103	0.368916
0.549469	0.570916	0.404103	0.523351	0.489825	0.434501	0.407687	0.526925	0.553585	0.520132	0.545582	0.497923	0.556458	0.517966	0.593235
