15
151	123
131	143
123	7	27.1957
251	91	0.342349
149	204	0.459656
73	257	16.3623
77	122	6.75381
197	223	10.3658
203	75	1.82655
244	53	10.6435
250	134	10.1231
27	164	4.99753
211	276	4.86758
244	257	2.77539
58	156	2.38299
143	153	1.62444
147	207	0.242204
0.415941	0.323501	0.40869	0.454373	0.499342	0.464031	0.394118	0.341453	0.477316	0.320334	0.379935	0.347733	0.381827	0.474028	0.354538
0.581542	0.405998	0.411829	0.589099	0.502453	0.467233	0.52944	0.443659	0.441451	0.533119	0.409173	0.465479	0.594158	0.596951	0.468967
