15
275	198
115	234
150	248	8.90943
187	230	12.1537
278	118	17.4678
194	147	11.9253
48	173	14.7529
297	280	28.4994
90	118	30.0163
219	37	41.4065
139	190	24.3213
249	259	3.75018
189	170	3.38292
112	258	13.6401
191	181	3.01913
176	272	13.0874
284	84	3.79113
0.416967	0.305328	0.388686	0.327452	0.419185	0.464543	0.335484	0.332582	0.362541	0.478187	0.410725	0.379707	0.300772	0.376857	0.342815
0.43203	0.433907	0.573888	0.571472	0.514383	0.433416	0.501486	0.454657	0.546278	0.598602	0.541924	0.422768	0.510367	0.539948	0.478765
