15
10	247
84	239
197	269	13.6642
203	83	1.82214
83	293	8.50726
214	55	4.13476
40	175	2.59714
190	163	2.19461
189	127	2.31236
51	232	4.75352
101	200	6.10086
132	19	16.1462
155	78	1.10972
277	130	14.572
26	257	2.04845
11	271	2.73263
58	126	6.12699
0.392912	0.36217	0.304072	0.463313	0.356959	0.437004	0.453224	0.457821	0.315861	0.417281	0.48961	0.312728	0.359835	0.303616	0.437652
0.547909	0.562285	0.580286	0.43861	0.593143	0.51859	0.486793	0.46809	0.415835	0.519975	0.541212	0.484539	0.563006	0.551864	0.494846
