15
300	91
189	63
286	83	10.1284
233	107	5.70492
201	171	4.29264
279	200	49.1649
67	41	8.19409
136	103	11.9224
64	18	4.45271
49	134	4.47519
118	185	8.70126
187	48	9.02642
88	130	20.4926
210	111	7.05832
142	180	3.87956
219	79	11.7977
7	116	26.5377
0.436124	0.460273	0.352379	0.327931	0.327679	0.432668	0.356521	0.44482	0.384899	0.406335	0.335198	0.353979	0.434614	0.319041	0.370338
0.487806	0.557657	0.481559	0.584683	0.452094	0.558077	0.521951	0.459988	0.527048	0.460416	0.557359	0.584078	0.42525	0.452752	0.478404
