20
136	327
262	56
299	28	2.46411
194	254	2.02647
139	386	13.8413
310	100	7.05548
38	289	3.70245
105	258	0.843235
298	281	14.102
398	8	12.5722
222	156	1.27709
209	32	10.3622
228	149	0.943737
73	301	0.64073
352	194	7.88746
161	30	1.12147
75	317	3.43523
67	193	7.41766
43	390	5.88861
191	370	0.676655
177	198	9.56705
244	369	14.3792
0.395973	0.318392	0.478667	0.481068	0.384886	0.302323	0.343172	0.338468	0.40042	0.459594	0.354377	0.394375	0.433573	0.373687	0.398149	0.458976	0.493128	0.480892	0.372253	0.300401
0.59365	0.42384	0.412169	0.425745	0.417223	0.577911	0.446212	0.564196	0.474332	0.513491	0.535804	0.406579	0.520227	0.576594	0.579043	0.515568	0.560084	0.536541	0.589789	0.584116
