20
58	219
204	342
304	194	1.81025
289	200	1.34331
155	376	4.78152
97	360	5.58982
241	194	6.99969
136	9	10.0685
239	320	8.47186
115	58	1.58217
274	183	1.77542
292	213	0.977778
221	390	7.58645
78	315	2.06458
107	305	6.64612
45	273	9.51308
355	268	8.55193
352	176	6.65889
394	243	1.2912
50	159	9.47208
9	392	15.832
264	116	8.39302
0.336843	0.446219	0.318055	0.47105	0.443813	0.450507	0.483772	0.449695	0.369579	0.37133	0.379913	0.4188	0.347631	0.408461	0.477145	0.363725	0.31078	0.368639	0.359937	0.483889
0.409763	0.495204	0.428426	0.544435	0.587523	0.55704	0.448776	0.412766	0.547198	0.529143	0.481187	0.42045	0.465747	0.523004	0.420398	0.591189	0.525284	0.450247	0.546213	0.407622
