20
310	128
371	234
153	361	26.0496
80	360	1.11778
202	246	15.5892
322	139	3.51579
273	362	30.1114
372	190	5.23656
63	162	7.9943
313	145	3.51694
175	290	17.6783
358	227	5.37606
174	196	22.2126
35	375	15.0988
229	176	23.1913
350	312	18.3108
384	350	12.8024
4	232	36.0909
55	138	8.76942
362	383	14.9548
78	358	0.869128
367	175	6.20163
1e-06	1e-06	1e-06	1e-06	1e-06	1e-06	1e-06	1e-06	1e-06	1e-06	1e-06	1e-06	1e-06	1e-06	1e-06	1e-06	1e-06	1e-06	1e-06	1e-06
100000	100000	100000	100000	100000	100000	100000	100000	100000	100000	100000	100000	100000	100000	100000	100000	100000	100000	100000	100000
