20
54	366
61	247
316	22	8.97224
396	229	34.7753
352	55	0.751819
131	20	5.51169
19	399	9.00441
29	295	14.8917
400	365	0.668789
149	310	5.07142
150	369	5.48261
151	167	0.301847
215	309	7.86722
49	81	4.01192
169	5	0.724968
170	10	0.351278
75	368	1.88428
51	7	4.53898
132	201	8.66185
189	142	10.2632
101	306	3.32146
233	67	7.76755
0.443782	0.448945	0.330152	0.465134	0.431262	0.475906	0.405801	0.315415	0.484953	0.304453	0.456236	0.384684	0.317044	0.366522	0.324288	0.479286	0.350784	0.347492	0.309889	0.348245
0.435425	0.502025	0.493588	0.45526	0.508486	0.437952	0.453121	0.568018	0.456366	0.424543	0.42561	0.583654	0.574131	0.436987	0.50938	0.473041	0.514205	0.442235	0.588547	0.532296
