20
179	347
72	345
37	180	42.875
208	292	5.80515
192	300	6.90212
123	357	19.7766
84	287	13.162
384	251	48.6182
343	27	27.1388
268	312	11.5089
55	309	8.9906
77	323	6.80825
254	34	7.95286
271	21	8.4311
221	37	10.5371
212	108	23.7984
237	322	11.3073
150	182	31.0826
1	292	20.3323
3	75	41.7657
52	399	17.6531
293	382	28.4894
1e-06	1e-06	1e-06	1e-06	1e-06	1e-06	1e-06	1e-06	1e-06	1e-06	1e-06	1e-06	1e-06	1e-06	1e-06	1e-06	1e-06	1e-06	1e-06	1e-06
100000	100000	100000	100000	100000	100000	100000	100000	100000	100000	100000	100000	100000	100000	100000	100000	100000	100000	100000	100000
