20
140	132
113	23
288	360	15.9785
190	326	19.7863
241	192	16.6574
73	148	8.30402
343	207	6.90475
36	112	10.5293
270	314	8.65869
245	300	10.9103
363	173	12.4438
325	198	4.05719
179	132	11.9436
318	206	3.61423
277	400	13.1929
319	162	8.93327
203	254	23.6335
327	139	7.38575
11	285	47.6344
10	102	10.862
276	166	16.9342
53	166	8.40688
1e-06	1e-06	1e-06	1e-06	1e-06	1e-06	1e-06	1e-06	1e-06	1e-06	1e-06	1e-06	1e-06	1e-06	1e-06	1e-06	1e-06	1e-06	1e-06	1e-06
100000	100000	100000	100000	100000	100000	100000	100000	100000	100000	100000	100000	100000	100000	100000	100000	100000	100000	100000	100000
