20
368	49
63	362
145	237	39.0391
385	29	14.1518
343	211	3.60539
380	213	19.9293
268	108	67.9072
16	8	13.8992
27	258	42.832
85	140	16.9914
74	195	10.0396
109	290	4.89389
236	301	3.37062
45	1	3.63
33	162	3.44702
39	172	3.72889
264	263	21.2834
129	335	28.1198
239	330	12.7854
8	102	31.2368
105	0	36.0895
93	399	20.1456
1e-06	1e-06	1e-06	1e-06	1e-06	1e-06	1e-06	1e-06	1e-06	1e-06	1e-06	1e-06	1e-06	1e-06	1e-06	1e-06	1e-06	1e-06	1e-06	1e-06
100000	100000	100000	100000	100000	100000	100000	100000	100000	100000	100000	100000	100000	100000	100000	100000	100000	100000	100000	100000
