20
386	281
246	75
382	363	9.33263
392	295	3.63236
147	40	11.8362
132	269	8.97225
270	144	16.385
18	390	12.7216
165	201	11.6497
169	75	6.78237
13	39	25.0006
260	372	23.7136
177	246	10.3284
46	132	14.8592
116	118	12.9519
161	102	7.22999
395	330	9.41579
102	306	3.76302
281	5	19.5502
296	301	18.1383
97	294	3.62703
79	379	13.5315
1e-06	1e-06	1e-06	1e-06	1e-06	1e-06	1e-06	1e-06	1e-06	1e-06	1e-06	1e-06	1e-06	1e-06	1e-06	1e-06	1e-06	1e-06	1e-06	1e-06
100000	100000	100000	100000	100000	100000	100000	100000	100000	100000	100000	100000	100000	100000	100000	100000	100000	100000	100000	100000
