20
388	79
57	257
91	249	1.49698
330	333	5.10897
148	94	3.64117
309	92	0.719299
388	314	6.49531
287	56	7.80837
100	245	1.19218
28	161	1.16335
17	169	1.63482
187	121	1.42468
35	167	1.34741
195	59	10.6307
285	382	5.84983
304	362	0.636009
5	36	32.6522
334	216	19.6598
227	122	5.87327
135	303	7.60288
61	150	0.715907
155	166	8.59961
0.317335	0.316994	0.470077	0.379672	0.356307	0.428041	0.348741	0.464956	0.399579	0.329507	0.413472	0.34525	0.354018	0.364659	0.468297	0.335984	0.313214	0.38589	0.444157	0.328663
0.460237	0.517039	0.426551	0.520438	0.450404	0.529685	0.555769	0.462969	0.537551	0.546912	0.492562	0.493905	0.52578	0.590547	0.485077	0.402505	0.431933	0.501854	0.551283	0.503109
