20
174	345
132	18
175	277	14.7044
355	257	10.4555
341	225	9.86202
305	205	10.0022
231	271	6.52526
64	361	7.35939
241	376	13.6051
266	3	26.4142
29	366	7.35074
262	286	1.2187
304	165	11.923
215	141	11.9822
37	261	26.8701
257	286	1.42445
25	112	40.7009
222	320	10.8346
364	87	29.1781
242	111	10.1564
155	28	6.07396
166	99	13.3611
1e-06	1e-06	1e-06	1e-06	1e-06	1e-06	1e-06	1e-06	1e-06	1e-06	1e-06	1e-06	1e-06	1e-06	1e-06	1e-06	1e-06	1e-06	1e-06	1e-06
100000	100000	100000	100000	100000	100000	100000	100000	100000	100000	100000	100000	100000	100000	100000	100000	100000	100000	100000	100000
