20
141	19
346	260
234	49	22.3248
311	65	3.86883
35	119	30.7087
54	52	12.3864
263	270	8.16866
328	102	15.0279
77	79	6.07643
85	329	4.2814
212	397	26.5575
348	179	14.5661
136	189	40.6653
333	49	14.1512
53	363	23.5807
174	358	3.74761
313	78	3.64857
350	149	4.10555
392	134	24.1169
387	253	26.0849
267	81	3.66584
244	272	4.13115
1e-06	1e-06	1e-06	1e-06	1e-06	1e-06	1e-06	1e-06	1e-06	1e-06	1e-06	1e-06	1e-06	1e-06	1e-06	1e-06	1e-06	1e-06	1e-06	1e-06
100000	100000	100000	100000	100000	100000	100000	100000	100000	100000	100000	100000	100000	100000	100000	100000	100000	100000	100000	100000
