20
190	116
197	263
95	216	6.43991
321	76	7.51522
76	165	3.42224
305	34	0.685346
73	38	5.80016
121	394	7.22188
257	326	9.3024
51	124	4.2056
53	400	9.31001
71	348	3.74335
300	226	8.14443
175	199	16.5349
43	347	2.27444
299	329	0.702811
154	65	13.3659
51	213	0.937633
288	184	1.17364
35	213	2.08084
58	222	0.639629
4	167	8.20806
1e-06	1e-06	1e-06	1e-06	1e-06	1e-06	1e-06	1e-06	1e-06	1e-06	1e-06	1e-06	1e-06	1e-06	1e-06	1e-06	1e-06	1e-06	1e-06	1e-06
100000	100000	100000	100000	100000	100000	100000	100000	100000	100000	100000	100000	100000	100000	100000	100000	100000	100000	100000	100000
