25
170	396
46	421
377	251	29.2384
136	144	18.6136
279	234	23.2435
441	384	17.8515
73	124	15.0845
189	215	6.75586
477	325	20.0171
314	97	18.2941
581	544	17.4627
163	216	7.45754
170	245	8.52862
258	60	18.8582
44	414	1.64329
268	505	15.1509
247	130	15.3221
415	497	21.051
119	48	19.53
42	263	23.8071
538	427	24.9625
524	157	35.0659
140	287	8.16022
546	618	19.8835
328	474	18.156
169	292	7.14803
267	351	23.0464
1e-06	1e-06	1e-06	1e-06	1e-06	1e-06	1e-06	1e-06	1e-06	1e-06	1e-06	1e-06	1e-06	1e-06	1e-06	1e-06	1e-06	1e-06	1e-06	1e-06	1e-06	1e-06	1e-06	1e-06	1e-06
100000	100000	100000	100000	100000	100000	100000	100000	100000	100000	100000	100000	100000	100000	100000	100000	100000	100000	100000	100000	100000	100000	100000	100000	100000
