25
247	303
55	427
61	378	1.60243
247	484	2.16852
122	121	20.0167
237	461	1.89799
329	165	14.2277
312	448	1.95979
44	110	1.54848
34	351	3.48327
498	101	12.2099
348	393	6.64144
321	3	6.28111
334	39	1.03543
279	88	4.87194
45	239	4.21524
462	176	1.64901
439	370	8.08859
182	446	5.90133
81	263	2.4165
401	382	1.35231
250	139	7.11877
278	429	3.29113
401	438	4.49863
104	418	7.55257
322	435	1.15674
237	261	8.28223
0.31075	0.496392	0.374959	0.393983	0.440667	0.38469	0.406535	0.480011	0.300057	0.378057	0.48667	0.488121	0.483795	0.351049	0.364827	0.375754	0.465921	0.329904	0.35648	0.338465	0.482093	0.430849	0.445219	0.417119	0.416607
0.478091	0.448156	0.444697	0.527483	0.516924	0.526374	0.446785	0.584489	0.433438	0.434772	0.565695	0.44157	0.446005	0.595818	0.507801	0.568758	0.419878	0.419326	0.587363	0.421933	0.406954	0.487432	0.577899	0.533665	0.521607
