25
610	402
593	576
171	361	6.34693
225	91	12.8585
541	488	23.5812
244	571	9.98786
490	456	7.62094
87	230	18.0242
183	526	13.7563
262	334	28.6535
445	323	42.2892
220	560	8.60731
264	253	18.2477
67	170	9.21005
171	344	5.33404
299	222	18.0891
614	414	4.77536
85	84	5.89313
90	102	6.79408
338	179	20.971
24	71	24.9112
186	80	12.417
415	195	30.5067
49	187	9.65607
169	39	16.8029
200	487	14.6028
489	431	7.72449
1e-06	1e-06	1e-06	1e-06	1e-06	1e-06	1e-06	1e-06	1e-06	1e-06	1e-06	1e-06	1e-06	1e-06	1e-06	1e-06	1e-06	1e-06	1e-06	1e-06	1e-06	1e-06	1e-06	1e-06	1e-06
100000	100000	100000	100000	100000	100000	100000	100000	100000	100000	100000	100000	100000	100000	100000	100000	100000	100000	100000	100000	100000	100000	100000	100000	100000
