25
339	50
387	502
318	131	19.7515
505	568	5.09508
492	543	6.69166
283	199	16.9459
507	322	1.21943
540	37	12.1402
494	176	14.1107
512	321	1.47049
131	564	11.0697
542	78	8.82105
526	572	5.12991
250	120	18.3449
135	403	24.1308
534	131	15.4725
387	218	16.9756
27	396	23.4928
533	595	6.79901
57	276	9.55316
437	261	16.6989
237	409	25.8901
173	540	10.1606
287	10	15.4854
430	545	13.1276
84	327	15.1097
11	279	12.7949
1e-06	1e-06	1e-06	1e-06	1e-06	1e-06	1e-06	1e-06	1e-06	1e-06	1e-06	1e-06	1e-06	1e-06	1e-06	1e-06	1e-06	1e-06	1e-06	1e-06	1e-06	1e-06	1e-06	1e-06	1e-06
100000	100000	100000	100000	100000	100000	100000	100000	100000	100000	100000	100000	100000	100000	100000	100000	100000	100000	100000	100000	100000	100000	100000	100000	100000
