25
625	454
250	101
538	290	2.80201
602	342	23.2033
178	466	11.6508
514	57	18.4983
451	236	15.9203
504	590	18.7691
416	81	6.48955
115	56	16.8081
226	266	26.3915
3	61	25.0764
0	451	20.1509
595	85	19.8855
146	419	13.8725
171	84	14.1323
434	67	5.74678
479	175	18.1744
403	337	27.4746
455	10	17.1331
169	521	14.6563
70	380	17.1356
569	429	16.0433
528	298	3.38052
591	560	24.6444
324	266	21.5133
266	39	18.5236
1e-06	1e-06	1e-06	1e-06	1e-06	1e-06	1e-06	1e-06	1e-06	1e-06	1e-06	1e-06	1e-06	1e-06	1e-06	1e-06	1e-06	1e-06	1e-06	1e-06	1e-06	1e-06	1e-06	1e-06	1e-06
100000	100000	100000	100000	100000	100000	100000	100000	100000	100000	100000	100000	100000	100000	100000	100000	100000	100000	100000	100000	100000	100000	100000	100000	100000
