25
558	302
562	383
86	53	79.3097
118	393	20.8459
562	624	46.8397
290	418	16.9662
157	622	48.6032
317	236	39.098
549	213	29.9867
54	409	23.0611
421	591	19.3529
55	484	28.0252
558	488	21.9097
384	35	58.0054
399	391	37.5281
308	468	17.0479
235	449	20.9286
545	329	11.1736
557	118	34.7657
592	343	18.1699
500	453	25.8219
495	525	26.5246
11	270	43.7307
245	533	30.1623
415	527	20.7553
463	226	28.7039
218	210	34.7867
1e-06	1e-06	1e-06	1e-06	1e-06	1e-06	1e-06	1e-06	1e-06	1e-06	1e-06	1e-06	1e-06	1e-06	1e-06	1e-06	1e-06	1e-06	1e-06	1e-06	1e-06	1e-06	1e-06	1e-06	1e-06
100000	100000	100000	100000	100000	100000	100000	100000	100000	100000	100000	100000	100000	100000	100000	100000	100000	100000	100000	100000	100000	100000	100000	100000	100000
