25
449	452
41	204
257	377	11.5898
183	180	1.70576
437	91	1.35047
475	457	0.801188
229	205	8.28301
280	37	17.0042
264	282	8.60778
50	211	1.88347
161	404	1.10583
117	42	15.1986
495	483	7.5237
291	148	0.635316
341	264	3.08954
405	333	20.0296
487	200	16.8398
185	194	1.00564
473	6	5.35471
498	35	1.26457
12	444	33.2374
360	241	4.6937
383	91	11.4488
173	14	0.994601
244	107	1.39451
239	130	2.9525
283	143	1.04699
1e-06	1e-06	1e-06	1e-06	1e-06	1e-06	1e-06	1e-06	1e-06	1e-06	1e-06	1e-06	1e-06	1e-06	1e-06	1e-06	1e-06	1e-06	1e-06	1e-06	1e-06	1e-06	1e-06	1e-06	1e-06
100000	100000	100000	100000	100000	100000	100000	100000	100000	100000	100000	100000	100000	100000	100000	100000	100000	100000	100000	100000	100000	100000	100000	100000	100000
