25
326	407
189	434
566	394	26.2887
172	345	27.8399
51	328	26.5311
216	198	33.7375
339	404	4.96965
139	50	28.3705
10	173	36.4722
564	124	3.96718
60	2	35.8159
396	371	20.0372
556	133	3.95142
307	295	19.0517
76	450	38.3109
263	365	29.8166
287	247	15.6261
333	42	64.6035
75	246	27.1222
258	607	37.0402
550	242	32.8759
494	416	24.3398
396	307	24.7678
505	356	23.1324
489	583	54.6356
344	570	28.7353
449	241	28.769
1e-06	1e-06	1e-06	1e-06	1e-06	1e-06	1e-06	1e-06	1e-06	1e-06	1e-06	1e-06	1e-06	1e-06	1e-06	1e-06	1e-06	1e-06	1e-06	1e-06	1e-06	1e-06	1e-06	1e-06	1e-06
100000	100000	100000	100000	100000	100000	100000	100000	100000	100000	100000	100000	100000	100000	100000	100000	100000	100000	100000	100000	100000	100000	100000	100000	100000
