25
135	307
165	500
492	363	11.4094
404	164	9.35129
442	187	10.2972
367	620	42.6721
248	278	13.7381
121	316	4.13061
593	307	9.8021
151	425	17.3456
76	395	20.4068
200	381	10.0478
588	517	26.892
239	175	14.1441
375	262	27.9611
622	345	11.3463
476	149	11.999
216	73	26.1702
512	330	8.50133
17	266	28.9041
198	204	8.76719
59	571	34.9416
203	244	10.0391
421	62	24.6479
274	411	18.8493
559	608	20.6299
186	335	10.0287
1e-06	1e-06	1e-06	1e-06	1e-06	1e-06	1e-06	1e-06	1e-06	1e-06	1e-06	1e-06	1e-06	1e-06	1e-06	1e-06	1e-06	1e-06	1e-06	1e-06	1e-06	1e-06	1e-06	1e-06	1e-06
100000	100000	100000	100000	100000	100000	100000	100000	100000	100000	100000	100000	100000	100000	100000	100000	100000	100000	100000	100000	100000	100000	100000	100000	100000
