25
70	290
354	7
347	66	0.551474
11	169	16.5009
71	282	0.776073
480	341	10.1505
57	132	0.386065
114	260	4.95548
375	158	0.502484
251	232	0.74994
380	163	0.411016
74	46	13.1194
7	24	2.31407
218	93	5.00133
246	289	8.18429
258	360	2.45585
439	234	2.42881
56	359	11.9465
32	22	0.7284
379	364	2.15375
289	155	13.5785
364	242	16.1136
176	468	33.4131
296	75	3.43377
55	411	2.58351
440	49	16.1925
171	35	12.179
0.322038	0.445605	0.359154	0.45973	0.489734	0.313473	0.419133	0.441465	0.325358	0.305358	0.313452	0.321592	0.309156	0.361715	0.410141	0.312859	0.47499	0.305593	0.47928	0.474319	0.470882	0.490731	0.415072	0.421263	0.380971
0.582942	0.422532	0.432244	0.528961	0.435161	0.443185	0.43052	0.460703	0.580365	0.534223	0.50399	0.473829	0.536345	0.437086	0.452151	0.533615	0.494959	0.463766	0.423829	0.552856	0.419206	0.505289	0.565306	0.40437	0.497909
