25
366	436
620	447
56	544	37.8356
305	258	31.5381
243	504	30.8237
541	383	11.3592
133	471	42.227
136	244	27.8142
217	69	76.1662
208	300	10.5983
535	529	34.2859
335	438	10.9438
601	393	22.1548
396	609	54.3525
232	427	31.0442
554	285	14.2352
390	268	28.3344
588	274	12.7069
530	417	11.6534
521	88	22.5907
580	87	21.6843
539	187	16.1906
177	314	12.7724
469	458	22.6353
445	180	29.0867
574	153	17.4221
499	271	22.4356
1e-06	1e-06	1e-06	1e-06	1e-06	1e-06	1e-06	1e-06	1e-06	1e-06	1e-06	1e-06	1e-06	1e-06	1e-06	1e-06	1e-06	1e-06	1e-06	1e-06	1e-06	1e-06	1e-06	1e-06	1e-06
100000	100000	100000	100000	100000	100000	100000	100000	100000	100000	100000	100000	100000	100000	100000	100000	100000	100000	100000	100000	100000	100000	100000	100000	100000
