25
76	304
579	272
103	100	25.6389
610	270	10.4354
426	211	30.0019
24	549	14.0302
162	134	27.1799
10	249	23.5744
435	112	35.8506
215	84	24.9903
269	332	35.8311
27	585	11.7434
105	288	10.3971
442	451	22.3772
558	15	26.9169
376	502	21.23
169	309	25.0148
78	241	19.0067
522	136	15.742
568	91	21.1786
75	444	17.098
49	481	17.4809
23	418	20.5586
75	600	17.502
25	354	20.4276
512	178	15.1816
385	448	18.4975
1e-06	1e-06	1e-06	1e-06	1e-06	1e-06	1e-06	1e-06	1e-06	1e-06	1e-06	1e-06	1e-06	1e-06	1e-06	1e-06	1e-06	1e-06	1e-06	1e-06	1e-06	1e-06	1e-06	1e-06	1e-06
100000	100000	100000	100000	100000	100000	100000	100000	100000	100000	100000	100000	100000	100000	100000	100000	100000	100000	100000	100000	100000	100000	100000	100000	100000
