25
337	283
83	575
97	42	12.0635
530	239	29.0068
546	71	17.245
553	569	12.3529
89	5	14.1581
501	580	16.2657
252	271	26.0792
557	422	3.73645
613	500	21.7844
225	43	8.96725
156	619	33.9676
401	212	16.437
598	191	25.1296
185	98	8.47404
53	302	62.9421
250	52	8.80674
454	209	16.348
2	614	35.7766
501	92	18.807
179	120	7.91538
584	564	11.1294
612	72	23.2205
183	72	9.08881
545	421	4.34453
426	176	16.3952
1e-06	1e-06	1e-06	1e-06	1e-06	1e-06	1e-06	1e-06	1e-06	1e-06	1e-06	1e-06	1e-06	1e-06	1e-06	1e-06	1e-06	1e-06	1e-06	1e-06	1e-06	1e-06	1e-06	1e-06	1e-06
100000	100000	100000	100000	100000	100000	100000	100000	100000	100000	100000	100000	100000	100000	100000	100000	100000	100000	100000	100000	100000	100000	100000	100000	100000
