25
390	437
231	600
193	407	19.9415
315	240	35.5138
491	102	22.4344
308	86	10.2926
127	132	4.1764
409	12	29.3277
133	449	19.8139
243	470	20.7498
542	46	9.34569
155	349	18.3206
496	317	16.9534
317	482	10.6101
259	379	19.316
577	505	59.4907
38	526	13.1889
368	354	23.5824
522	9	10.6754
67	566	14.2912
143	127	4.38124
287	118	7.99715
198	551	14.3961
569	82	10.1929
325	441	8.3593
495	259	16.3528
57	271	37.2377
1e-06	1e-06	1e-06	1e-06	1e-06	1e-06	1e-06	1e-06	1e-06	1e-06	1e-06	1e-06	1e-06	1e-06	1e-06	1e-06	1e-06	1e-06	1e-06	1e-06	1e-06	1e-06	1e-06	1e-06	1e-06
100000	100000	100000	100000	100000	100000	100000	100000	100000	100000	100000	100000	100000	100000	100000	100000	100000	100000	100000	100000	100000	100000	100000	100000	100000
