17
124	77
225	281
173	74	7.28235
40	69	14.8324
210	255	3.26083
273	152	0.925261
169	28	1.86301
220	45	2.11226
209	42	1.96431
232	206	6.83872
161	249	3.97975
277	146	1.36482
255	234	6.66317
134	240	2.49723
99	204	4.12612
131	218	2.25744
7	238	1.03685
13	233	1.17364
182	38	1.78079
1e-06	1e-06	1e-06	1e-06	1e-06	1e-06	1e-06	1e-06	1e-06	1e-06	1e-06	1e-06	1e-06	1e-06	1e-06	1e-06	1e-06
100000	100000	100000	100000	100000	100000	100000	100000	100000	100000	100000	100000	100000	100000	100000	100000	100000
