18
216	237
51	155
72	80	19.7842
217	178	5.40512
0	140	12.0005
155	1	19.0944
274	313	5.29972
244	96	17.1499
280	181	8.676
264	38	16.7257
306	203	7.11653
270	289	6.04771
155	69	19.1291
191	243	5.96694
202	191	5.09027
0	20	3.06117
50	274	29.0194
10	24	2.85195
44	10	7.84685
324	274	12.8132
1e-06	1e-06	1e-06	1e-06	1e-06	1e-06	1e-06	1e-06	1e-06	1e-06	1e-06	1e-06	1e-06	1e-06	1e-06	1e-06	1e-06	1e-06
100000	100000	100000	100000	100000	100000	100000	100000	100000	100000	100000	100000	100000	100000	100000	100000	100000	100000
