18
231	223
99	256
29	47	22.8746
287	231	15.7048
118	291	9.08832
107	50	17.1527
38	218	11.1644
41	144	14.2223
164	197	15.2518
167	9	9.39797
165	46	7.91733
3	176	11.4914
276	136	20.1348
156	273	11.1473
58	282	7.64185
233	245	4.66889
321	188	11.5333
85	258	3.03768
284	27	8.53749
265	53	8.10812
1e-06	1e-06	1e-06	1e-06	1e-06	1e-06	1e-06	1e-06	1e-06	1e-06	1e-06	1e-06	1e-06	1e-06	1e-06	1e-06	1e-06	1e-06
100000	100000	100000	100000	100000	100000	100000	100000	100000	100000	100000	100000	100000	100000	100000	100000	100000	100000
