18
29	75
9	76
75	5	2.00959
82	15	2.00132
207	293	13.8799
103	105	5.00489
7	168	1.14972
3	159	1.05985
127	317	11.5555
291	251	18.7683
114	49	1.85038
149	84	7.19038
32	194	6.9864
161	207	2.57913
112	11	5.07965
291	129	20.7368
127	50	1.68088
177	188	4.525
43	278	13.7454
99	136	3.31675
1e-06	1e-06	1e-06	1e-06	1e-06	1e-06	1e-06	1e-06	1e-06	1e-06	1e-06	1e-06	1e-06	1e-06	1e-06	1e-06	1e-06	1e-06
100000	100000	100000	100000	100000	100000	100000	100000	100000	100000	100000	100000	100000	100000	100000	100000	100000	100000
