18
186	45
27	236
16	57	15.2506
71	298	5.89322
165	189	3.1533
43	120	16.5341
153	29	8.0862
167	139	8.21481
285	223	18.9518
211	248	20.8806
130	155	8.98341
157	201	3.93317
157	69	6.88968
251	130	3.638
253	116	3.2826
268	14	6.91964
177	85	5.63004
81	277	4.9715
277	47	8.87425
218	135	7.77741
1e-06	1e-06	1e-06	1e-06	1e-06	1e-06	1e-06	1e-06	1e-06	1e-06	1e-06	1e-06	1e-06	1e-06	1e-06	1e-06	1e-06	1e-06
100000	100000	100000	100000	100000	100000	100000	100000	100000	100000	100000	100000	100000	100000	100000	100000	100000	100000
