18
167	140
99	119
41	305	1.35071
65	74	2.25457
135	164	4.40625
76	248	6.89613
215	320	14.4876
80	37	3.88996
309	316	11.3304
147	217	7.89107
41	316	1.72912
112	43	2.62444
126	136	3.04071
110	69	2.4671
302	145	5.77448
123	80	2.1879
25	296	2.29675
12	79	7.60441
51	73	2.68058
252	140	6.29105
1e-06	1e-06	1e-06	1e-06	1e-06	1e-06	1e-06	1e-06	1e-06	1e-06	1e-06	1e-06	1e-06	1e-06	1e-06	1e-06	1e-06	1e-06
100000	100000	100000	100000	100000	100000	100000	100000	100000	100000	100000	100000	100000	100000	100000	100000	100000	100000
