18
62	172
70	161
77	252	7.28
23	89	5.89585
231	162	15.9471
267	306	9.86678
197	70	22.8054
290	157	15.325
58	209	7.28047
0	13	20.2573
192	322	12.2548
232	278	12.4962
16	109	4.24804
69	181	3.15652
317	6	32.0657
39	301	12.312
139	213	3.91174
94	283	10.4808
144	231	4.06895
128	292	7.87338
1e-06	1e-06	1e-06	1e-06	1e-06	1e-06	1e-06	1e-06	1e-06	1e-06	1e-06	1e-06	1e-06	1e-06	1e-06	1e-06	1e-06	1e-06
100000	100000	100000	100000	100000	100000	100000	100000	100000	100000	100000	100000	100000	100000	100000	100000	100000	100000
