18
82	234
152	161
313	184	15.3284
193	213	14.7077
91	4	14.017
299	103	13.9321
11	238	21.3231
120	151	11.3462
123	31	12.4319
75	268	12.0241
50	9	12.486
318	143	12.7981
223	75	18.1894
156	28	8.46473
136	186	11.1278
91	88	9.01077
166	2	8.89523
255	121	18.9836
110	71	8.5401
170	253	15.5702
1e-06	1e-06	1e-06	1e-06	1e-06	1e-06	1e-06	1e-06	1e-06	1e-06	1e-06	1e-06	1e-06	1e-06	1e-06	1e-06	1e-06	1e-06
100000	100000	100000	100000	100000	100000	100000	100000	100000	100000	100000	100000	100000	100000	100000	100000	100000	100000
