18
238	123
42	204
22	94	12.0479
59	2	7.91754
292	263	8.00118
43	291	2.30858
273	143	7.41629
93	169	7.35191
289	219	4.36929
185	159	3.97434
286	180	7.24262
190	60	3.34298
130	14	2.4494
208	139	4.21561
166	76	5.36725
146	14	2.47906
203	71	2.04458
299	19	12.9025
34	303	2.48806
196	44	3.30627
1e-06	1e-06	1e-06	1e-06	1e-06	1e-06	1e-06	1e-06	1e-06	1e-06	1e-06	1e-06	1e-06	1e-06	1e-06	1e-06	1e-06	1e-06
100000	100000	100000	100000	100000	100000	100000	100000	100000	100000	100000	100000	100000	100000	100000	100000	100000	100000
