18
79	253
59	323
217	170	5.68276
45	319	0.710281
122	113	3.56863
55	290	3.62438
134	52	1.30642
319	141	10.1867
3	37	4.52311
34	208	12.5086
124	132	3.6926
182	196	7.85438
80	33	5.89332
250	76	17.2343
272	318	9.81334
16	62	4.13498
143	58	1.19348
195	146	4.74548
43	323	0.718064
285	262	9.62519
1e-06	1e-06	1e-06	1e-06	1e-06	1e-06	1e-06	1e-06	1e-06	1e-06	1e-06	1e-06	1e-06	1e-06	1e-06	1e-06	1e-06	1e-06
100000	100000	100000	100000	100000	100000	100000	100000	100000	100000	100000	100000	100000	100000	100000	100000	100000	100000
