18
242	58
114	143
266	65	4.17003
270	51	4.13096
271	298	2.9903
150	229	14.2303
147	8	8.80335
300	65	8.93898
118	40	7.51326
81	50	11.1596
192	28	10.2174
97	245	14.216
109	76	3.56787
99	117	5.56019
259	301	2.68007
304	232	17.7804
1	253	27.4184
90	93	6.86354
149	277	12.352
119	66	3.21337
1e-06	1e-06	1e-06	1e-06	1e-06	1e-06	1e-06	1e-06	1e-06	1e-06	1e-06	1e-06	1e-06	1e-06	1e-06	1e-06	1e-06	1e-06
100000	100000	100000	100000	100000	100000	100000	100000	100000	100000	100000	100000	100000	100000	100000	100000	100000	100000
