18
285	214
143	120
164	230	15.7855
305	164	14.7162
289	100	7.30876
143	296	17.2788
309	215	5.11301
34	27	12.7269
80	52	6.18794
99	140	11.3416
11	82	17.8733
241	155	12.2763
223	304	14.261
169	86	8.75102
303	231	4.13584
96	73	6.22832
33	176	16.865
210	121	13.5725
257	255	14.7638
299	72	6.31364
1e-06	1e-06	1e-06	1e-06	1e-06	1e-06	1e-06	1e-06	1e-06	1e-06	1e-06	1e-06	1e-06	1e-06	1e-06	1e-06	1e-06	1e-06
100000	100000	100000	100000	100000	100000	100000	100000	100000	100000	100000	100000	100000	100000	100000	100000	100000	100000
