18
46	317
287	165
123	196	9.48038
118	0	6.60003
154	242	8.44772
17	142	5.88075
40	145	5.06974
35	234	23.6296
207	233	5.18369
187	322	15.215
168	199	9.94486
243	193	12.3567
65	317	4.26983
95	10	5.18727
258	26	35.9629
103	42	5.78596
177	129	14.32
83	44	5.93113
195	250	5.0374
123	287	11.1885
1e-06	1e-06	1e-06	1e-06	1e-06	1e-06	1e-06	1e-06	1e-06	1e-06	1e-06	1e-06	1e-06	1e-06	1e-06	1e-06	1e-06	1e-06
100000	100000	100000	100000	100000	100000	100000	100000	100000	100000	100000	100000	100000	100000	100000	100000	100000	100000
