18
148	227
292	192
71	171	6.40909
50	240	3.19378
14	2	7.79612
62	268	3.87905
35	102	0.462516
2	83	5.99456
40	214	5.17919
82	34	14.1927
32	102	0.417265
319	203	3.68721
107	279	8.15344
154	80	9.5272
173	132	9.56709
167	273	5.56557
271	208	4.67008
22	274	6.34089
39	145	4.13
318	101	12.0616
1e-06	1e-06	1e-06	1e-06	1e-06	1e-06	1e-06	1e-06	1e-06	1e-06	1e-06	1e-06	1e-06	1e-06	1e-06	1e-06	1e-06	1e-06
100000	100000	100000	100000	100000	100000	100000	100000	100000	100000	100000	100000	100000	100000	100000	100000	100000	100000
