18
226	314
61	208
64	305	32.2028
155	8	11.8079
239	67	13.4686
186	37	9.648
243	0	16.1224
320	202	37.6992
188	144	6.95771
202	100	10.146
166	137	2.45946
286	26	15.2357
162	46	7.90627
181	121	5.19133
112	100	5.42906
68	184	9.22363
270	99	14.2478
171	131	2.37281
100	113	5.57557
217	275	12.6964
1e-06	1e-06	1e-06	1e-06	1e-06	1e-06	1e-06	1e-06	1e-06	1e-06	1e-06	1e-06	1e-06	1e-06	1e-06	1e-06	1e-06	1e-06
100000	100000	100000	100000	100000	100000	100000	100000	100000	100000	100000	100000	100000	100000	100000	100000	100000	100000
