18
256	320
301	302
49	323	18.9131
103	296	19.3003
75	138	15.5929
308	184	5.04943
308	168	6.01893
209	2	19.8662
255	279	12.7296
24	226	22.5111
161	31	19.7152
183	156	17.7878
176	208	12.6172
43	0	33.6914
77	206	19.4317
93	99	7.15942
146	232	5.62008
154	244	4.59736
234	155	15.5502
102	78	6.90216
1e-06	1e-06	1e-06	1e-06	1e-06	1e-06	1e-06	1e-06	1e-06	1e-06	1e-06	1e-06	1e-06	1e-06	1e-06	1e-06	1e-06	1e-06
100000	100000	100000	100000	100000	100000	100000	100000	100000	100000	100000	100000	100000	100000	100000	100000	100000	100000
