18
283	322
132	94
281	272	11.1557
294	305	7.25277
191	42	6.72833
254	286	10.3586
87	309	21.9023
305	237	14.8258
20	273	25.3306
323	286	12.8209
1	149	14.0364
89	145	11.4288
241	310	10.9077
158	133	15.927
36	156	13.8144
87	115	9.45456
253	60	19.484
174	46	5.99259
83	247	19.8852
278	324	1.81399
1e-06	1e-06	1e-06	1e-06	1e-06	1e-06	1e-06	1e-06	1e-06	1e-06	1e-06	1e-06	1e-06	1e-06	1e-06	1e-06	1e-06	1e-06
100000	100000	100000	100000	100000	100000	100000	100000	100000	100000	100000	100000	100000	100000	100000	100000	100000	100000
