18
125	3
80	271
286	65	13.1919
152	135	12.4205
200	101	12.7092
208	160	12.102
158	187	9.19849
30	272	14.4399
125	182	6.85247
221	262	12.6433
321	99	9.91686
98	192	6.44704
101	163	5.98454
179	270	11.0838
135	299	11.4833
85	92	15.0334
265	218	16.0653
294	306	1.47382
81	273	0.474958
295	299	1.66203
1e-06	1e-06	1e-06	1e-06	1e-06	1e-06	1e-06	1e-06	1e-06	1e-06	1e-06	1e-06	1e-06	1e-06	1e-06	1e-06	1e-06	1e-06
100000	100000	100000	100000	100000	100000	100000	100000	100000	100000	100000	100000	100000	100000	100000	100000	100000	100000
