18
316	250
320	113
318	19	20.9129
71	69	36.5984
247	245	21.0889
8	201	18.4562
38	269	6.86484
41	235	10.422
247	27	11.7484
219	10	10.2277
269	55	12.9775
52	281	5.63713
191	134	14.432
113	273	15.4626
161	112	14.852
291	107	10.7748
75	248	14.2471
274	306	26.5792
206	177	16.816
87	202	18.5437
1e-06	1e-06	1e-06	1e-06	1e-06	1e-06	1e-06	1e-06	1e-06	1e-06	1e-06	1e-06	1e-06	1e-06	1e-06	1e-06	1e-06	1e-06
100000	100000	100000	100000	100000	100000	100000	100000	100000	100000	100000	100000	100000	100000	100000	100000	100000	100000
