18
223	264
315	171
164	265	9.77761
267	48	5.84018
142	61	8.70698
273	264	4.16768
317	246	2.1331
291	228	4.85196
296	36	4.24228
307	255	1.65746
254	296	6.2868
89	253	8.95371
190	91	7.11449
277	149	6.27106
88	48	2.66688
54	26	3.51525
112	201	9.60072
291	112	7.38219
82	29	2.09083
10	36	6.45829
1e-06	1e-06	1e-06	1e-06	1e-06	1e-06	1e-06	1e-06	1e-06	1e-06	1e-06	1e-06	1e-06	1e-06	1e-06	1e-06	1e-06	1e-06
100000	100000	100000	100000	100000	100000	100000	100000	100000	100000	100000	100000	100000	100000	100000	100000	100000	100000
