19
27	7
43	206
221	30	39.1523
183	276	4.02678
153	266	10.0313
267	206	14.6661
232	354	21.3916
224	197	13.4919
64	83	22.7887
151	336	7.6772
307	343	27.2669
108	175	17.7477
272	134	25.6791
180	314	11.0108
321	14	34.139
53	156	17.3845
59	265	15.978
193	279	3.90019
158	355	6.60577
57	317	15.878
117	307	13.4676
1e-06	1e-06	1e-06	1e-06	1e-06	1e-06	1e-06	1e-06	1e-06	1e-06	1e-06	1e-06	1e-06	1e-06	1e-06	1e-06	1e-06	1e-06	1e-06
100000	100000	100000	100000	100000	100000	100000	100000	100000	100000	100000	100000	100000	100000	100000	100000	100000	100000	100000
