19
164	230
83	257
112	104	19.8211
227	59	20.5476
153	236	4.74418
183	135	10.1877
339	61	31.0251
182	344	12.1946
150	292	18.5049
259	224	20.0699
51	122	21.7061
266	95	19.4672
299	186	20.4047
130	202	16.2337
250	360	27.8878
142	341	5.29431
113	32	18.9933
143	356	5.32816
58	52	19.1944
206	122	9.36542
6	237	30.275
1e-06	1e-06	1e-06	1e-06	1e-06	1e-06	1e-06	1e-06	1e-06	1e-06	1e-06	1e-06	1e-06	1e-06	1e-06	1e-06	1e-06	1e-06	1e-06
100000	100000	100000	100000	100000	100000	100000	100000	100000	100000	100000	100000	100000	100000	100000	100000	100000	100000	100000
