19
49	115
259	100
28	192	8.91966
224	239	0.72811
214	314	6.39276
226	244	0.8922
89	65	8.97191
180	12	7.30846
284	273	8.94464
262	343	9.2415
219	35	7.30707
65	286	9.4316
159	235	3.18347
337	201	12.3538
170	350	7.31926
5	305	6.49145
155	151	10.2325
137	215	5.88893
113	271	7.96927
269	140	4.99095
278	182	5.24272
1e-06	1e-06	1e-06	1e-06	1e-06	1e-06	1e-06	1e-06	1e-06	1e-06	1e-06	1e-06	1e-06	1e-06	1e-06	1e-06	1e-06	1e-06	1e-06
100000	100000	100000	100000	100000	100000	100000	100000	100000	100000	100000	100000	100000	100000	100000	100000	100000	100000	100000
