19
84	237
277	96
233	89	4.33687
22	238	15.8004
161	20	8.63146
243	159	6.86046
285	233	6.79804
31	111	19.3112
301	187	6.81273
123	21	5.85883
293	209	5.87333
235	334	19.4759
296	287	10.2231
90	147	19.0543
354	15	27.1141
250	78	5.3998
239	186	6.7913
136	300	16.4272
110	5	5.24914
329	249	12.6607
46	11	18.8977
1e-06	1e-06	1e-06	1e-06	1e-06	1e-06	1e-06	1e-06	1e-06	1e-06	1e-06	1e-06	1e-06	1e-06	1e-06	1e-06	1e-06	1e-06	1e-06
100000	100000	100000	100000	100000	100000	100000	100000	100000	100000	100000	100000	100000	100000	100000	100000	100000	100000	100000
