19
24	317
320	37
116	86	11.4241
245	46	13.3227
200	115	17.663
159	190	19.3344
316	180	12.2165
171	298	22.1807
347	168	9.99406
338	18	8.40248
125	141	18.5946
111	253	29.1256
139	32	10.7122
285	223	20.4693
172	360	24.6032
246	84	14.0921
62	358	18.4712
342	44	8.51467
340	308	11.886
309	289	12.9183
125	57	11.3966
1e-06	1e-06	1e-06	1e-06	1e-06	1e-06	1e-06	1e-06	1e-06	1e-06	1e-06	1e-06	1e-06	1e-06	1e-06	1e-06	1e-06	1e-06	1e-06
100000	100000	100000	100000	100000	100000	100000	100000	100000	100000	100000	100000	100000	100000	100000	100000	100000	100000	100000
