19
70	185
115	310
96	358	19.7795
75	195	4.33437
195	25	10.5391
7	360	30.1908
153	234	2.67992
61	151	12.472
301	43	26.2217
85	290	13.3818
234	88	23.5789
341	274	23.769
122	10	13.9521
214	336	31.2504
87	116	15.6341
181	53	11.1423
134	318	6.30431
157	0	11.8861
17	203	19.3547
152	227	2.79791
299	335	28.3345
1e-06	1e-06	1e-06	1e-06	1e-06	1e-06	1e-06	1e-06	1e-06	1e-06	1e-06	1e-06	1e-06	1e-06	1e-06	1e-06	1e-06	1e-06	1e-06
100000	100000	100000	100000	100000	100000	100000	100000	100000	100000	100000	100000	100000	100000	100000	100000	100000	100000	100000
