19
47	352
44	264
47	12	10.6033
281	302	8.00206
25	295	6.85352
11	85	2.54777
175	274	3.1717
56	350	1.68975
323	172	1.45773
201	289	5.96771
26	85	1.71185
119	61	14.5626
198	2	3.15069
322	184	2.17094
209	236	3.01314
319	280	5.3963
304	336	1.90876
74	189	11.7101
316	337	2.23867
212	18	2.71295
234	251	5.10454
1e-06	1e-06	1e-06	1e-06	1e-06	1e-06	1e-06	1e-06	1e-06	1e-06	1e-06	1e-06	1e-06	1e-06	1e-06	1e-06	1e-06	1e-06	1e-06
100000	100000	100000	100000	100000	100000	100000	100000	100000	100000	100000	100000	100000	100000	100000	100000	100000	100000	100000
