19
79	242
143	30
43	282	11.3905
335	236	5.31748
343	323	12.6013
38	10	9.31829
15	236	15.8147
74	110	18.2281
68	182	4.51473
333	281	12.9142
80	25	10.9834
75	231	2.86506
216	108	27.8754
253	249	5.04101
230	255	6.47827
140	292	18.8136
320	219	5.86748
67	204	4.57057
20	62	14.3187
305	165	11.884
342	83	21.959
1e-06	1e-06	1e-06	1e-06	1e-06	1e-06	1e-06	1e-06	1e-06	1e-06	1e-06	1e-06	1e-06	1e-06	1e-06	1e-06	1e-06	1e-06	1e-06
100000	100000	100000	100000	100000	100000	100000	100000	100000	100000	100000	100000	100000	100000	100000	100000	100000	100000	100000
