19
74	0
27	107
20	248	12.4881
320	139	4.38853
123	212	7.17023
315	163	3.0308
209	18	12.8683
241	80	7.85024
320	330	1.28571
332	327	2.31856
361	219	9.6721
287	345	6.41941
74	302	13.8341
148	357	13.2482
57	111	4.68824
228	233	1.61707
215	230	1.59563
276	47	7.73986
47	138	4.1288
108	45	6.85487
173	182	7.18846
1e-06	1e-06	1e-06	1e-06	1e-06	1e-06	1e-06	1e-06	1e-06	1e-06	1e-06	1e-06	1e-06	1e-06	1e-06	1e-06	1e-06	1e-06	1e-06
100000	100000	100000	100000	100000	100000	100000	100000	100000	100000	100000	100000	100000	100000	100000	100000	100000	100000	100000
