19
142	286
93	229
58	318	11.2493
160	34	7.03597
87	2	16.6218
176	63	7.43059
263	340	12.1988
210	352	12.1157
254	254	20.6326
146	125	6.37192
148	181	7.99338
343	298	18.3112
129	330	4.77168
106	100	13.5807
102	328	2.91229
208	106	12.3862
98	161	15.008
162	147	5.46719
113	337	4.15021
90	295	8.17171
35	172	19.1533
1e-06	1e-06	1e-06	1e-06	1e-06	1e-06	1e-06	1e-06	1e-06	1e-06	1e-06	1e-06	1e-06	1e-06	1e-06	1e-06	1e-06	1e-06	1e-06
100000	100000	100000	100000	100000	100000	100000	100000	100000	100000	100000	100000	100000	100000	100000	100000	100000	100000	100000
