20
250	9
15	160
153	169	20.5185
26	309	18.2768
76	123	24.9107
227	121	9.03739
160	298	21.9612
253	183	1.70569
217	181	10.7361
243	146	10.5094
68	336	16.0423
65	397	20.8281
297	57	21.2928
233	254	22.7302
48	27	35.5338
336	111	26.3026
224	51	17.2441
209	387	33.8896
138	234	21.6944
331	393	46.4857
251	178	1.69974
163	102	23.7485
1e-06	1e-06	1e-06	1e-06	1e-06	1e-06	1e-06	1e-06	1e-06	1e-06	1e-06	1e-06	1e-06	1e-06	1e-06	1e-06	1e-06	1e-06	1e-06	1e-06
100000	100000	100000	100000	100000	100000	100000	100000	100000	100000	100000	100000	100000	100000	100000	100000	100000	100000	100000	100000
