20
30	23
68	46
258	167	6.62967
301	360	21.0613
10	178	8.97998
26	38	1.84468
187	84	8.16402
295	189	2.95725
201	43	4.43684
149	330	16.9544
248	224	5.52751
80	151	5.10635
355	242	1.91312
3	394	1.33077
85	182	4.84841
300	207	2.10828
82	87	5.18537
153	230	15.8811
354	230	1.78298
42	212	8.15823
388	48	19.902
12	392	1.70294
1e-06	1e-06	1e-06	1e-06	1e-06	1e-06	1e-06	1e-06	1e-06	1e-06	1e-06	1e-06	1e-06	1e-06	1e-06	1e-06	1e-06	1e-06	1e-06	1e-06
100000	100000	100000	100000	100000	100000	100000	100000	100000	100000	100000	100000	100000	100000	100000	100000	100000	100000	100000	100000
