20
50	97
95	319
190	379	16.395
251	0	9.66474
92	149	9.27309
243	400	13.4616
199	264	17.4471
254	27	7.96116
256	358	13.2467
56	342	17.0659
338	177	26.4138
13	388	20.1205
100	174	8.10921
160	143	19.9795
269	172	24.7478
173	310	9.6112
182	338	11.6802
265	46	8.66879
20	61	14.3401
203	86	12.2676
172	86	11.229
351	373	30.0117
1e-06	1e-06	1e-06	1e-06	1e-06	1e-06	1e-06	1e-06	1e-06	1e-06	1e-06	1e-06	1e-06	1e-06	1e-06	1e-06	1e-06	1e-06	1e-06	1e-06
100000	100000	100000	100000	100000	100000	100000	100000	100000	100000	100000	100000	100000	100000	100000	100000	100000	100000	100000	100000
