20
162	109
232	98
65	45	13.588
177	257	3.50406
5	176	11.6674
277	277	3.90113
121	286	11.5145
366	344	3.24592
179	281	4.75604
106	381	5.27653
383	139	4.90522
122	350	5.08814
312	264	5.71441
5	399	19.0939
346	79	10.9479
42	245	13.3743
264	146	9.86158
211	284	4.07662
246	381	15.4358
358	266	7.40584
384	184	6.57475
363	327	3.0296
1e-06	1e-06	1e-06	1e-06	1e-06	1e-06	1e-06	1e-06	1e-06	1e-06	1e-06	1e-06	1e-06	1e-06	1e-06	1e-06	1e-06	1e-06	1e-06	1e-06
100000	100000	100000	100000	100000	100000	100000	100000	100000	100000	100000	100000	100000	100000	100000	100000	100000	100000	100000	100000
