20
303	363
211	265
366	40	6.6602
327	229	0.92953
344	93	7.2222
352	338	6.78986
149	202	5.93438
282	206	5.94223
116	154	10.7102
33	202	16.0206
228	18	12.1641
64	393	14.2941
330	225	0.733492
201	348	7.79017
152	286	11.6963
223	383	6.36718
267	154	5.44044
121	39	15.3621
1	288	9.61563
277	105	8.88735
378	400	8.40038
21	13	13.0749
1e-06	1e-06	1e-06	1e-06	1e-06	1e-06	1e-06	1e-06	1e-06	1e-06	1e-06	1e-06	1e-06	1e-06	1e-06	1e-06	1e-06	1e-06	1e-06	1e-06
100000	100000	100000	100000	100000	100000	100000	100000	100000	100000	100000	100000	100000	100000	100000	100000	100000	100000	100000	100000
