20
323	222
117	41
196	334	1.84918
215	236	11.0225
243	386	18.2276
162	377	11.3098
5	156	43.3877
155	296	14.7154
189	334	1.723
182	165	7.84036
126	365	8.16974
335	332	11.6491
282	64	20.3369
91	307	15.4507
354	277	14.1197
266	137	16.6535
189	199	7.40045
340	203	7.05191
7	396	8.54642
5	367	7.12474
351	12	18.0601
259	305	14.2214
1e-06	1e-06	1e-06	1e-06	1e-06	1e-06	1e-06	1e-06	1e-06	1e-06	1e-06	1e-06	1e-06	1e-06	1e-06	1e-06	1e-06	1e-06	1e-06	1e-06
100000	100000	100000	100000	100000	100000	100000	100000	100000	100000	100000	100000	100000	100000	100000	100000	100000	100000	100000	100000
