20
395	15
236	164
150	343	5.86056
147	36	12.4197
311	388	3.79723
318	108	11.8714
184	316	5.20679
99	198	10.2786
291	227	16.2182
72	287	6.42212
183	246	8.33848
353	166	11.6739
82	395	6.76434
49	244	9.74262
292	364	3.33268
92	79	11.9833
162	147	12.4869
335	315	11.9243
98	350	8.11535
102	302	3.91911
7	77	14.5509
241	22	11.6378
1e-06	1e-06	1e-06	1e-06	1e-06	1e-06	1e-06	1e-06	1e-06	1e-06	1e-06	1e-06	1e-06	1e-06	1e-06	1e-06	1e-06	1e-06	1e-06	1e-06
100000	100000	100000	100000	100000	100000	100000	100000	100000	100000	100000	100000	100000	100000	100000	100000	100000	100000	100000	100000
