20
178	338
342	104
60	54	7.95711
71	362	2.38957
112	266	3.06544
105	40	8.0052
151	273	3.16052
42	91	7.86073
317	152	3.07306
193	238	10.1537
335	154	2.26191
227	144	2.46623
213	147	1.78819
258	77	1.67208
314	135	3.274
102	340	4.7841
23	13	1.54797
31	16	1.48774
333	73	6.03552
253	69	0.968109
121	282	2.44877
60	369	1.83209
1e-06	1e-06	1e-06	1e-06	1e-06	1e-06	1e-06	1e-06	1e-06	1e-06	1e-06	1e-06	1e-06	1e-06	1e-06	1e-06	1e-06	1e-06	1e-06	1e-06
100000	100000	100000	100000	100000	100000	100000	100000	100000	100000	100000	100000	100000	100000	100000	100000	100000	100000	100000	100000
