20
243	40
178	77
322	273	8.59199
105	126	23.5251
111	253	9.48331
79	229	10.1926
368	198	8.37794
382	125	4.21763
296	308	11.8761
166	227	11.9363
167	70	3.1421
124	6	22.7095
398	116	5.11005
177	272	9.51634
43	64	20.2145
14	392	12.1024
33	342	13.385
358	362	13.3262
340	307	9.16083
227	287	13.911
377	231	6.99593
86	315	12.5783
1e-06	1e-06	1e-06	1e-06	1e-06	1e-06	1e-06	1e-06	1e-06	1e-06	1e-06	1e-06	1e-06	1e-06	1e-06	1e-06	1e-06	1e-06	1e-06	1e-06
100000	100000	100000	100000	100000	100000	100000	100000	100000	100000	100000	100000	100000	100000	100000	100000	100000	100000	100000	100000
