20
397	275
66	74
259	19	22.6549
203	28	16.0893
178	108	16.364
189	333	9.489
54	261	19.1911
296	371	19.717
40	310	13.8801
190	68	16.4568
375	267	8.52129
293	192	38.8566
137	357	8.71403
357	9	25.6674
138	379	6.76635
249	348	18.3346
15	102	17.9243
344	91	28.3435
5	333	14.1848
260	95	28.5748
199	307	9.6056
24	371	13.8693
1e-06	1e-06	1e-06	1e-06	1e-06	1e-06	1e-06	1e-06	1e-06	1e-06	1e-06	1e-06	1e-06	1e-06	1e-06	1e-06	1e-06	1e-06	1e-06	1e-06
100000	100000	100000	100000	100000	100000	100000	100000	100000	100000	100000	100000	100000	100000	100000	100000	100000	100000	100000	100000
