20
270	195
108	233
41	20	4.29806
334	351	4.90818
293	323	8.93682
122	89	8.69216
280	16	5.12809
98	167	8.69434
272	159	5.40665
201	58	5.05806
243	25	5.03341
236	196	5.51416
28	334	9.30759
9	228	6.45867
393	67	14.832
397	239	20.5086
370	368	5.97827
46	53	6.40769
33	262	6.8948
201	20	4.17034
233	265	8.04759
144	180	8.42608
1e-06	1e-06	1e-06	1e-06	1e-06	1e-06	1e-06	1e-06	1e-06	1e-06	1e-06	1e-06	1e-06	1e-06	1e-06	1e-06	1e-06	1e-06	1e-06	1e-06
100000	100000	100000	100000	100000	100000	100000	100000	100000	100000	100000	100000	100000	100000	100000	100000	100000	100000	100000	100000
