20
371	44
271	253
28	354	36.7617
103	60	9.40844
213	246	17.495
72	85	8.18861
178	79	3.69131
357	192	8.90082
213	24	11.2974
195	305	9.97311
302	162	8.0992
327	241	15.621
205	393	18.7392
282	194	8.25158
329	171	5.93006
117	187	33.2252
241	73	14.8382
229	322	8.5355
347	148	8.72949
171	68	3.43657
377	291	13.564
330	305	12.4561
1e-06	1e-06	1e-06	1e-06	1e-06	1e-06	1e-06	1e-06	1e-06	1e-06	1e-06	1e-06	1e-06	1e-06	1e-06	1e-06	1e-06	1e-06	1e-06	1e-06
100000	100000	100000	100000	100000	100000	100000	100000	100000	100000	100000	100000	100000	100000	100000	100000	100000	100000	100000	100000
