20
271	136
96	344
82	115	9.36381
112	52	12.8606
361	384	22.3431
36	357	4.15416
41	90	7.14606
203	377	14.8736
310	230	6.47732
250	400	14.6756
41	274	17.2915
22	361	4.0047
387	142	26.2747
323	302	20.5974
65	81	6.5498
83	16	10.0342
300	210	6.29341
161	332	13.2993
232	22	28.5755
4	206	22.3509
112	105	8.01183
387	255	23.7758
1e-06	1e-06	1e-06	1e-06	1e-06	1e-06	1e-06	1e-06	1e-06	1e-06	1e-06	1e-06	1e-06	1e-06	1e-06	1e-06	1e-06	1e-06	1e-06	1e-06
100000	100000	100000	100000	100000	100000	100000	100000	100000	100000	100000	100000	100000	100000	100000	100000	100000	100000	100000	100000
