20
59	282
73	348
75	181	31.6504
35	286	9.08298
202	217	12.7264
169	213	12.5406
335	144	23.1099
94	322	10.4089
363	242	21.3065
254	309	9.13436
52	306	9.1188
155	243	11.881
281	62	16.6566
176	32	16.4731
268	286	9.71622
37	43	14.4074
86	265	9.71753
21	83	14.0791
300	253	13.8553
321	354	29.3061
134	5	18.9896
272	114	20.8931
1e-06	1e-06	1e-06	1e-06	1e-06	1e-06	1e-06	1e-06	1e-06	1e-06	1e-06	1e-06	1e-06	1e-06	1e-06	1e-06	1e-06	1e-06	1e-06	1e-06
100000	100000	100000	100000	100000	100000	100000	100000	100000	100000	100000	100000	100000	100000	100000	100000	100000	100000	100000	100000
