20
104	290
328	55
237	380	16.6468
47	49	11.305
68	332	5.28872
366	311	26.6081
369	156	8.31913
17	6	14.0365
105	304	3.4769
150	88	16.5851
139	349	11.8889
88	128	9.52876
5	208	25.6522
71	354	6.01271
217	320	13.0417
23	306	14.5879
164	23	14.0314
296	41	9.77298
110	8	12.3264
73	98	6.91019
176	167	22.1158
368	196	10.8581
1e-06	1e-06	1e-06	1e-06	1e-06	1e-06	1e-06	1e-06	1e-06	1e-06	1e-06	1e-06	1e-06	1e-06	1e-06	1e-06	1e-06	1e-06	1e-06	1e-06
100000	100000	100000	100000	100000	100000	100000	100000	100000	100000	100000	100000	100000	100000	100000	100000	100000	100000	100000	100000
