20
277	90
300	281
182	308	11.1439
366	7	2.6649
131	115	17.2596
293	185	7.26733
327	189	5.30338
46	379	16.8554
308	247	8.69987
338	170	4.48247
125	394	4.40205
179	159	18.3305
335	313	9.56398
25	187	29.7266
147	286	10.3457
135	375	4.8237
378	387	15.2985
321	390	12.0649
376	3	2.20195
202	101	18.504
397	338	11.1919
76	67	18.5369
1e-06	1e-06	1e-06	1e-06	1e-06	1e-06	1e-06	1e-06	1e-06	1e-06	1e-06	1e-06	1e-06	1e-06	1e-06	1e-06	1e-06	1e-06	1e-06	1e-06
100000	100000	100000	100000	100000	100000	100000	100000	100000	100000	100000	100000	100000	100000	100000	100000	100000	100000	100000	100000
