20
337	139
389	233
50	58	16.0444
376	142	6.55144
78	93	16.1298
12	133	17.7685
33	234	27.0466
107	139	15.5215
140	186	1.84241
122	17	30.3786
91	275	13.8477
360	150	6.59929
299	153	2.55853
28	2	21.0098
61	149	14.9233
366	278	19.743
145	183	2.17651
114	391	29.6124
296	38	38.3876
129	187	3.4115
91	310	11.6813
301	160	2.90363
1e-06	1e-06	1e-06	1e-06	1e-06	1e-06	1e-06	1e-06	1e-06	1e-06	1e-06	1e-06	1e-06	1e-06	1e-06	1e-06	1e-06	1e-06	1e-06	1e-06
100000	100000	100000	100000	100000	100000	100000	100000	100000	100000	100000	100000	100000	100000	100000	100000	100000	100000	100000	100000
