21
265	357
76	387
310	206	14.927
338	427	8.71804
37	426	11.05
268	176	11.0895
403	182	8.7561
377	242	8.36932
311	403	10.3683
257	412	11.3902
369	149	3.33396
407	244	8.57657
340	148	7.87139
378	391	14.7107
335	13	24.3055
115	99	21.5231
382	156	3.79687
317	279	8.80272
387	137	5.10991
346	295	7.7832
340	94	16.0171
217	180	14.6791
114	178	19.2475
1e-06	1e-06	1e-06	1e-06	1e-06	1e-06	1e-06	1e-06	1e-06	1e-06	1e-06	1e-06	1e-06	1e-06	1e-06	1e-06	1e-06	1e-06	1e-06	1e-06	1e-06
100000	100000	100000	100000	100000	100000	100000	100000	100000	100000	100000	100000	100000	100000	100000	100000	100000	100000	100000	100000	100000
