21
399	87
67	235
29	48	21.5302
52	319	28.4262
398	69	6.58036
184	53	5.32851
257	30	17.0005
314	187	19.3172
338	243	16.983
39	209	12.4718
399	259	7.52848
384	246	6.11943
179	155	29.2089
292	57	7.21106
293	76	6.28485
407	317	8.37574
411	177	28.7112
212	232	30.5474
67	179	15.2716
66	91	21.036
325	383	34.0916
415	337	7.53435
178	39	5.64736
1e-06	1e-06	1e-06	1e-06	1e-06	1e-06	1e-06	1e-06	1e-06	1e-06	1e-06	1e-06	1e-06	1e-06	1e-06	1e-06	1e-06	1e-06	1e-06	1e-06	1e-06
100000	100000	100000	100000	100000	100000	100000	100000	100000	100000	100000	100000	100000	100000	100000	100000	100000	100000	100000	100000	100000
