21
405	70
253	151
161	247	10.7779
126	299	4.09668
349	165	2.69943
246	16	13.6076
102	329	7.6639
43	113	10.0177
401	112	7.82799
165	148	4.59599
117	436	9.55932
128	131	4.35688
369	159	2.87797
200	432	8.97757
291	307	9.81479
218	329	2.44324
203	328	2.08912
336	231	7.75001
28	434	12.0468
273	170	4.92329
407	364	19.0871
223	289	5.56436
20	254	14.2723
1e-06	1e-06	1e-06	1e-06	1e-06	1e-06	1e-06	1e-06	1e-06	1e-06	1e-06	1e-06	1e-06	1e-06	1e-06	1e-06	1e-06	1e-06	1e-06	1e-06	1e-06
100000	100000	100000	100000	100000	100000	100000	100000	100000	100000	100000	100000	100000	100000	100000	100000	100000	100000	100000	100000	100000
