21
99	214
431	54
390	157	4.32736
159	57	13.5033
49	15	13.7865
400	20	1.88884
258	46	19.1754
253	417	7.14356
423	174	4.3729
247	213	15.2817
360	409	4.25662
137	170	2.55397
367	235	8.54223
308	402	6.16866
87	245	5.65121
356	384	3.33463
391	7	1.91819
17	94	10.9807
274	369	7.01798
433	106	9.77238
177	180	8.23588
359	20	6.6964
118	182	3.28555
1e-06	1e-06	1e-06	1e-06	1e-06	1e-06	1e-06	1e-06	1e-06	1e-06	1e-06	1e-06	1e-06	1e-06	1e-06	1e-06	1e-06	1e-06	1e-06	1e-06	1e-06
100000	100000	100000	100000	100000	100000	100000	100000	100000	100000	100000	100000	100000	100000	100000	100000	100000	100000	100000	100000	100000
