21
370	73
441	98
300	89	11.9534
328	138	5.1063
106	146	11.037
240	377	23.9331
339	154	5.06644
430	26	18.4383
239	6	1.13258
172	279	5.49845
145	427	3.99846
57	7	23.8745
166	255	5.22419
45	308	19.453
60	116	11.8573
159	425	3.34561
288	187	14.9853
223	85	15.7965
188	149	14.7706
117	278	14.9274
244	8	1.0895
368	127	8.57269
240	238	19.9517
1e-06	1e-06	1e-06	1e-06	1e-06	1e-06	1e-06	1e-06	1e-06	1e-06	1e-06	1e-06	1e-06	1e-06	1e-06	1e-06	1e-06	1e-06	1e-06	1e-06	1e-06
100000	100000	100000	100000	100000	100000	100000	100000	100000	100000	100000	100000	100000	100000	100000	100000	100000	100000	100000	100000	100000
