21
145	280
402	95
413	254	13.1698
377	142	12.2769
433	200	14.0702
261	339	12.6528
246	178	10.0756
207	308	9.67593
272	387	8.48065
115	224	13.3025
319	85	21.9301
121	102	25.6963
237	139	11.2645
290	184	9.13544
245	430	14.3726
38	175	22.3625
200	62	20.5473
236	272	9.65816
235	381	7.70829
393	336	15.4673
339	332	15.2864
68	26	20.8279
421	32	13.237
1e-06	1e-06	1e-06	1e-06	1e-06	1e-06	1e-06	1e-06	1e-06	1e-06	1e-06	1e-06	1e-06	1e-06	1e-06	1e-06	1e-06	1e-06	1e-06	1e-06	1e-06
100000	100000	100000	100000	100000	100000	100000	100000	100000	100000	100000	100000	100000	100000	100000	100000	100000	100000	100000	100000	100000
