21
438	69
230	440
368	120	18.8245
292	325	5.06397
199	132	21.7323
305	329	5.16229
148	179	25.9036
351	185	20.2916
193	19	14.0827
360	314	10.1592
386	63	20.2767
159	364	12.251
410	227	28.9384
219	321	19.6495
374	368	17.8406
366	286	9.06132
158	5	13.3234
34	398	45.6669
249	157	18.5434
270	344	10.2604
49	281	40.2916
177	395	13.0171
41	106	49.887
1e-06	1e-06	1e-06	1e-06	1e-06	1e-06	1e-06	1e-06	1e-06	1e-06	1e-06	1e-06	1e-06	1e-06	1e-06	1e-06	1e-06	1e-06	1e-06	1e-06	1e-06
100000	100000	100000	100000	100000	100000	100000	100000	100000	100000	100000	100000	100000	100000	100000	100000	100000	100000	100000	100000	100000
