21
365	340
278	146
398	434	9.73865
113	24	9.49559
346	352	2.80553
321	254	4.96156
215	210	13.4139
167	90	5.11139
245	111	9.61584
108	437	17.4443
287	17	5.67233
433	213	5.97974
284	220	7.13102
432	257	5.54924
150	163	6.26033
15	350	15.738
164	118	4.65844
288	354	10.9129
187	328	12.5057
362	252	5.52214
312	62	7.18285
240	11	9.41451
432	80	15.1644
1e-06	1e-06	1e-06	1e-06	1e-06	1e-06	1e-06	1e-06	1e-06	1e-06	1e-06	1e-06	1e-06	1e-06	1e-06	1e-06	1e-06	1e-06	1e-06	1e-06	1e-06
100000	100000	100000	100000	100000	100000	100000	100000	100000	100000	100000	100000	100000	100000	100000	100000	100000	100000	100000	100000	100000
