22
100	254
171	217
472	248	25.5919
313	120	12.7004
336	295	4.43921
461	62	21.115
127	304	18.7348
316	30	29.0148
329	308	5.75163
289	145	12.1953
435	376	11.3946
193	361	22.9501
245	330	22.8951
140	475	50.2598
389	394	15.4234
160	249	11.405
391	76	15.1824
422	106	16.2861
324	459	35.7562
405	285	24.8619
438	183	22.8956
456	347	12.3591
278	183	12.6438
304	353	18.2749
1e-06	1e-06	1e-06	1e-06	1e-06	1e-06	1e-06	1e-06	1e-06	1e-06	1e-06	1e-06	1e-06	1e-06	1e-06	1e-06	1e-06	1e-06	1e-06	1e-06	1e-06	1e-06
100000	100000	100000	100000	100000	100000	100000	100000	100000	100000	100000	100000	100000	100000	100000	100000	100000	100000	100000	100000	100000	100000
