22
447	318
79	131
331	19	13.2104
53	107	12.6041
481	191	37.8923
418	293	12.2192
289	6	16.3069
308	352	37.0121
30	189	6.39158
341	144	19.972
132	146	18.436
137	25	40.5523
93	239	8.27511
28	169	7.25381
322	54	11.2386
68	246	7.89899
168	267	26.9638
449	411	28.0097
37	140	10.3501
34	38	25.6049
10	300	25.743
315	96	12.8965
357	270	23.3965
446	97	30.4245
1e-06	1e-06	1e-06	1e-06	1e-06	1e-06	1e-06	1e-06	1e-06	1e-06	1e-06	1e-06	1e-06	1e-06	1e-06	1e-06	1e-06	1e-06	1e-06	1e-06	1e-06	1e-06
100000	100000	100000	100000	100000	100000	100000	100000	100000	100000	100000	100000	100000	100000	100000	100000	100000	100000	100000	100000	100000	100000
