22
218	354
470	191
96	149	0.44555
299	207	4.76333
170	69	5.37225
148	20	8.49667
148	325	10.9447
257	306	11.4894
140	479	2.95289
106	369	5.90577
311	149	1.6695
483	350	26.9341
354	115	5.69121
159	475	2.08111
323	139	1.82707
447	194	3.33692
20	391	13.3181
316	166	2.99251
270	368	7.61212
151	380	7.60359
324	32	9.39397
122	190	6.60261
93	152	0.440727
112	446	7.54208
1e-06	1e-06	1e-06	1e-06	1e-06	1e-06	1e-06	1e-06	1e-06	1e-06	1e-06	1e-06	1e-06	1e-06	1e-06	1e-06	1e-06	1e-06	1e-06	1e-06	1e-06	1e-06
100000	100000	100000	100000	100000	100000	100000	100000	100000	100000	100000	100000	100000	100000	100000	100000	100000	100000	100000	100000	100000	100000
