22
325	151
99	403
219	99	22.6092
255	391	12.9851
42	483	12.0763
283	290	7.78784
402	52	24.5217
328	80	20.1516
4	364	30.4255
279	64	16.043
104	144	20.3572
269	266	9.38117
418	344	4.92347
46	451	11.6693
257	425	11.1498
424	359	4.89333
160	247	34.083
260	297	8.32757
466	477	46.459
52	271	40.0408
20	56	46.322
351	384	26.3507
147	114	16.9619
358	156	10.8521
1e-06	1e-06	1e-06	1e-06	1e-06	1e-06	1e-06	1e-06	1e-06	1e-06	1e-06	1e-06	1e-06	1e-06	1e-06	1e-06	1e-06	1e-06	1e-06	1e-06	1e-06	1e-06
100000	100000	100000	100000	100000	100000	100000	100000	100000	100000	100000	100000	100000	100000	100000	100000	100000	100000	100000	100000	100000	100000
