22
427	291
237	64
460	173	5.87851
273	461	17.5075
412	148	5.86475
68	327	7.16636
453	462	5.1218
289	128	5.25044
373	216	2.74623
127	287	11.6996
428	474	3.81031
51	155	23.2794
248	103	6.77998
57	288	5.03267
473	381	6.55867
448	421	1.78398
462	430	3.22244
163	205	5.07753
259	240	10.1675
262	355	19.1237
172	240	5.00227
458	242	8.07525
357	428	14.4911
398	217	3.30503
1e-06	1e-06	1e-06	1e-06	1e-06	1e-06	1e-06	1e-06	1e-06	1e-06	1e-06	1e-06	1e-06	1e-06	1e-06	1e-06	1e-06	1e-06	1e-06	1e-06	1e-06	1e-06
100000	100000	100000	100000	100000	100000	100000	100000	100000	100000	100000	100000	100000	100000	100000	100000	100000	100000	100000	100000	100000	100000
