22
193	273
302	140
189	22	28.4756
187	301	4.91529
196	290	5.0162
203	473	30.3018
448	58	11.5804
124	456	30.8144
77	378	19.5468
263	399	35.9087
312	245	21.9219
176	94	22.123
352	199	20.5834
384	248	20.754
18	398	24.123
337	110	15.6652
83	165	5.62436
47	312	25.0699
429	26	13.0648
364	59	22.6873
450	251	26.3936
199	254	7.62999
90	181	5.49788
109	4	30.8389
1e-06	1e-06	1e-06	1e-06	1e-06	1e-06	1e-06	1e-06	1e-06	1e-06	1e-06	1e-06	1e-06	1e-06	1e-06	1e-06	1e-06	1e-06	1e-06	1e-06	1e-06	1e-06
100000	100000	100000	100000	100000	100000	100000	100000	100000	100000	100000	100000	100000	100000	100000	100000	100000	100000	100000	100000	100000	100000
