22
284	128
55	387
437	211	7.34433
261	110	6.31532
19	188	18.1667
81	338	13.293
424	180	7.38979
445	398	14.2813
292	306	4.77404
305	275	7.27818
133	62	9.21312
96	83	12.6688
358	376	18.0524
90	189	16.8395
193	59	12.6715
124	459	21.6058
307	341	6.21247
17	408	10.2062
296	322	3.79711
337	6	13.2494
109	267	22.4584
415	457	16.9754
236	19	12.9503
343	53	9.94454
1e-06	1e-06	1e-06	1e-06	1e-06	1e-06	1e-06	1e-06	1e-06	1e-06	1e-06	1e-06	1e-06	1e-06	1e-06	1e-06	1e-06	1e-06	1e-06	1e-06	1e-06	1e-06
100000	100000	100000	100000	100000	100000	100000	100000	100000	100000	100000	100000	100000	100000	100000	100000	100000	100000	100000	100000	100000	100000
