22
53	452
85	97
471	30	17.8198
427	276	11.2942
132	337	11.801
135	280	17.5811
14	60	25.4792
368	17	21.3547
234	426	27.8416
348	249	19.8143
247	354	4.579
98	323	12.2944
137	163	26.9721
398	269	11.193
258	316	14.7204
84	260	19.6083
261	353	4.78994
2	475	15.9628
391	379	16.7266
8	426	17.5916
64	16	22.1193
61	160	25.1517
422	33	15.0303
347	400	14.6441
1e-06	1e-06	1e-06	1e-06	1e-06	1e-06	1e-06	1e-06	1e-06	1e-06	1e-06	1e-06	1e-06	1e-06	1e-06	1e-06	1e-06	1e-06	1e-06	1e-06	1e-06	1e-06
100000	100000	100000	100000	100000	100000	100000	100000	100000	100000	100000	100000	100000	100000	100000	100000	100000	100000	100000	100000	100000	100000
