22
208	171
12	124
303	332	4.03196
304	440	5.08808
296	357	3.06106
320	257	6.14061
247	104	9.18361
239	332	7.64272
294	137	9.97546
277	213	6.77566
279	429	4.66057
229	275	10.7621
139	441	17.4366
331	204	9.14811
387	450	13.7937
288	247	5.58755
481	186	19.6312
26	279	2.78873
52	142	5.59776
368	249	5.69838
21	257	2.63587
56	32	15.3885
370	325	11.988
31	330	6.80823
1e-06	1e-06	1e-06	1e-06	1e-06	1e-06	1e-06	1e-06	1e-06	1e-06	1e-06	1e-06	1e-06	1e-06	1e-06	1e-06	1e-06	1e-06	1e-06	1e-06	1e-06	1e-06
100000	100000	100000	100000	100000	100000	100000	100000	100000	100000	100000	100000	100000	100000	100000	100000	100000	100000	100000	100000	100000	100000
