22
78	427
434	286
213	318	8.19657
125	211	6.67654
387	66	9.61039
10	385	7.21622
251	49	18.038
64	101	5.83918
175	281	7.9947
458	0	16.4509
349	6	9.50071
336	253	5.78472
454	95	10.8183
77	202	6.52207
345	345	3.27338
62	359	6.60549
239	202	13.882
80	57	5.76441
331	321	4.61179
335	175	13.8407
424	349	6.73949
351	305	4.76335
19	236	7.77339
292	356	6.1038
1e-06	1e-06	1e-06	1e-06	1e-06	1e-06	1e-06	1e-06	1e-06	1e-06	1e-06	1e-06	1e-06	1e-06	1e-06	1e-06	1e-06	1e-06	1e-06	1e-06	1e-06	1e-06
100000	100000	100000	100000	100000	100000	100000	100000	100000	100000	100000	100000	100000	100000	100000	100000	100000	100000	100000	100000	100000	100000
