22
404	31
347	23
462	324	15.1338
328	269	14.7787
327	123	21.762
331	39	5.63067
61	147	12.6964
120	118	3.70402
113	464	8.57371
288	312	3.78474
112	133	4.80977
471	155	28.705
278	324	3.68957
112	224	5.93328
20	423	21.3184
111	80	9.64631
162	304	18.8768
4	99	21.8023
16	274	30.5256
408	70	11.217
190	144	18.248
100	437	7.62371
135	234	7.44021
450	269	16.7968
1e-06	1e-06	1e-06	1e-06	1e-06	1e-06	1e-06	1e-06	1e-06	1e-06	1e-06	1e-06	1e-06	1e-06	1e-06	1e-06	1e-06	1e-06	1e-06	1e-06	1e-06	1e-06
100000	100000	100000	100000	100000	100000	100000	100000	100000	100000	100000	100000	100000	100000	100000	100000	100000	100000	100000	100000	100000	100000
