22
115	220
332	70
232	282	5.33064
167	155	8.06473
5	387	2.88409
6	372	2.09524
339	434	6.27641
205	300	4.50914
391	125	7.76197
331	272	3.07392
398	11	8.9598
311	406	5.23328
212	144	6.59839
320	176	13.4541
196	411	15.8803
389	67	2.82081
222	105	7.05715
359	277	5.37718
282	426	6.87306
168	45	14.715
457	182	16.7567
266	369	9.56149
10	139	23.4031
371	65	2.47303
1e-06	1e-06	1e-06	1e-06	1e-06	1e-06	1e-06	1e-06	1e-06	1e-06	1e-06	1e-06	1e-06	1e-06	1e-06	1e-06	1e-06	1e-06	1e-06	1e-06	1e-06	1e-06
100000	100000	100000	100000	100000	100000	100000	100000	100000	100000	100000	100000	100000	100000	100000	100000	100000	100000	100000	100000	100000	100000
