22
238	447
42	148
299	481	18.9025
3	283	16.5222
208	465	7.82361
20	32	29.6334
220	139	8.60139
7	201	1.15789
90	362	11.6631
121	337	10.6122
202	104	11.5515
165	363	12.8766
236	11	21.1621
355	137	16.9116
418	279	3.81188
233	476	7.37473
369	396	17.0986
405	286	3.58114
333	213	16.487
386	465	19.4689
1	402	26.169
56	129	6.19199
8	205	1.00512
273	353	21.0052
1e-06	1e-06	1e-06	1e-06	1e-06	1e-06	1e-06	1e-06	1e-06	1e-06	1e-06	1e-06	1e-06	1e-06	1e-06	1e-06	1e-06	1e-06	1e-06	1e-06	1e-06	1e-06
100000	100000	100000	100000	100000	100000	100000	100000	100000	100000	100000	100000	100000	100000	100000	100000	100000	100000	100000	100000	100000	100000
