22
344	474
23	379
271	185	24.5397
163	473	3.39064
449	483	14.569
25	311	6.3422
58	0	13.995
286	4	59.1216
400	289	30.5791
298	314	7.61954
159	465	2.97462
375	383	36.6305
273	317	9.24291
253	346	11.9982
41	458	27.5533
462	437	18.9079
77	117	17.8934
94	19	12.4201
47	312	6.68616
256	406	22.0178
211	209	22.0494
184	337	22.8364
99	168	16.802
10	297	8.1728
1e-06	1e-06	1e-06	1e-06	1e-06	1e-06	1e-06	1e-06	1e-06	1e-06	1e-06	1e-06	1e-06	1e-06	1e-06	1e-06	1e-06	1e-06	1e-06	1e-06	1e-06	1e-06
100000	100000	100000	100000	100000	100000	100000	100000	100000	100000	100000	100000	100000	100000	100000	100000	100000	100000	100000	100000	100000	100000
