22
296	401
311	435
356	22	2.72637
50	261	13.148
70	63	27.5796
372	297	9.29735
155	20	24.5327
21	430	14.8603
348	13	3.1708
158	149	2.02444
295	228	23.3171
40	197	5.65307
23	211	4.73628
256	63	11.5453
1	368	9.14331
159	139	2.09783
438	210	25.7398
26	347	7.79823
361	342	11.6022
181	289	8.25562
161	314	7.64375
234	414	13.9524
420	33	16.702
291	100	14.7238
1e-06	1e-06	1e-06	1e-06	1e-06	1e-06	1e-06	1e-06	1e-06	1e-06	1e-06	1e-06	1e-06	1e-06	1e-06	1e-06	1e-06	1e-06	1e-06	1e-06	1e-06	1e-06
100000	100000	100000	100000	100000	100000	100000	100000	100000	100000	100000	100000	100000	100000	100000	100000	100000	100000	100000	100000	100000	100000
