22
278	153
353	71
284	10	22.7272
454	435	8.58912
1	390	2.18171
446	149	22.6077
331	385	43.4663
444	76	8.68245
423	297	49.8337
343	27	15.5388
39	464	17.0762
115	383	23.1675
234	227	21.7073
80	188	6.23236
5	395	2.47481
428	54	9.91673
249	169	11.8357
43	148	11.7199
86	453	17.9438
483	5	24.0259
74	110	17.1594
69	171	7.20032
96	30	30.299
469	452	7.9202
1e-06	1e-06	1e-06	1e-06	1e-06	1e-06	1e-06	1e-06	1e-06	1e-06	1e-06	1e-06	1e-06	1e-06	1e-06	1e-06	1e-06	1e-06	1e-06	1e-06	1e-06	1e-06
100000	100000	100000	100000	100000	100000	100000	100000	100000	100000	100000	100000	100000	100000	100000	100000	100000	100000	100000	100000	100000	100000
