22
57	216
169	469
220	90	7.62522
391	260	11.8661
24	181	1.38817
265	280	24.1785
190	180	17.1832
42	286	18.0237
19	177	1.88174
31	88	22.3001
273	81	6.52663
270	134	6.80358
353	282	9.51482
91	26	22.9616
248	69	6.46316
245	145	4.59514
96	445	19.0093
217	353	23.376
483	222	6.11524
467	42	34.47
378	119	23.1885
254	166	6.13035
465	362	31.5232
466	199	6.00011
1e-06	1e-06	1e-06	1e-06	1e-06	1e-06	1e-06	1e-06	1e-06	1e-06	1e-06	1e-06	1e-06	1e-06	1e-06	1e-06	1e-06	1e-06	1e-06	1e-06	1e-06	1e-06
100000	100000	100000	100000	100000	100000	100000	100000	100000	100000	100000	100000	100000	100000	100000	100000	100000	100000	100000	100000	100000	100000
