22
400	15
66	84
62	467	8.26639
199	342	13.2263
398	307	12.0428
318	351	11.6825
369	430	11.7564
11	52	13.9095
35	203	3.09324
144	214	14.5861
231	87	17.0203
160	438	13.0658
193	158	20.7456
381	385	11.7189
209	404	12.9845
92	119	6.16407
483	187	22.8596
128	284	16.2294
266	355	11.4942
232	9	21.6496
81	139	6.40808
43	193	2.65098
34	444	8.13825
423	272	9.92306
1e-06	1e-06	1e-06	1e-06	1e-06	1e-06	1e-06	1e-06	1e-06	1e-06	1e-06	1e-06	1e-06	1e-06	1e-06	1e-06	1e-06	1e-06	1e-06	1e-06	1e-06	1e-06
100000	100000	100000	100000	100000	100000	100000	100000	100000	100000	100000	100000	100000	100000	100000	100000	100000	100000	100000	100000	100000	100000
