23
23	367
431	127
411	21	18.7361
44	73	19.4116
103	137	14.0153
82	288	13.8175
426	198	8.76223
419	513	17.2269
202	203	20.1911
367	488	7.76556
125	244	17.2227
488	365	9.01568
435	237	8.43766
163	36	12.3782
336	528	9.83285
476	123	11.7869
196	78	9.22607
476	31	15.8925
171	108	5.88329
42	485	35.3647
526	389	10.6467
192	394	35.4233
164	130	4.881
387	182	11.2511
337	488	6.84139
1e-06	1e-06	1e-06	1e-06	1e-06	1e-06	1e-06	1e-06	1e-06	1e-06	1e-06	1e-06	1e-06	1e-06	1e-06	1e-06	1e-06	1e-06	1e-06	1e-06	1e-06	1e-06	1e-06
100000	100000	100000	100000	100000	100000	100000	100000	100000	100000	100000	100000	100000	100000	100000	100000	100000	100000	100000	100000	100000	100000	100000
