23
118	391
77	486
50	41	12.3998
510	199	15.6656
238	468	11.1057
345	80	15.0367
24	496	9.18709
435	508	9.24558
470	376	0.822474
469	368	1.31914
103	363	3.44875
504	464	11.7917
261	20	6.42437
208	216	25.3291
258	59	5.61348
75	202	9.507
6	92	8.56967
467	22	23.9208
424	322	12.0005
56	266	10.9235
228	378	16.6579
336	293	1.64029
96	384	2.85666
138	330	6.85663
324	291	1.41199
1e-06	1e-06	1e-06	1e-06	1e-06	1e-06	1e-06	1e-06	1e-06	1e-06	1e-06	1e-06	1e-06	1e-06	1e-06	1e-06	1e-06	1e-06	1e-06	1e-06	1e-06	1e-06	1e-06
100000	100000	100000	100000	100000	100000	100000	100000	100000	100000	100000	100000	100000	100000	100000	100000	100000	100000	100000	100000	100000	100000	100000
