23
318	175
136	184
105	318	6.40395
485	510	15.1007
304	465	54.0497
502	200	15.7064
300	72	28.7004
16	163	28.6075
491	290	15.877
189	150	20.241
71	227	29.4893
419	201	25.3968
89	315	5.54532
380	54	26.5585
59	465	16.592
93	426	20.1875
475	471	14.5241
456	332	17.7668
169	445	14.837
30	351	6.5938
149	477	14.5122
57	373	12.6273
475	242	16.6278
13	353	5.56616
48	38	50.5461
1e-06	1e-06	1e-06	1e-06	1e-06	1e-06	1e-06	1e-06	1e-06	1e-06	1e-06	1e-06	1e-06	1e-06	1e-06	1e-06	1e-06	1e-06	1e-06	1e-06	1e-06	1e-06	1e-06
100000	100000	100000	100000	100000	100000	100000	100000	100000	100000	100000	100000	100000	100000	100000	100000	100000	100000	100000	100000	100000	100000	100000
