23
88	13
377	422
82	16	1.18887
249	59	14.0349
404	263	3.70347
52	348	11.989
438	398	8.003
513	230	10.8059
301	108	8.77971
513	87	10.0502
131	438	4.94138
341	165	5.78025
498	24	7.75579
140	466	3.92484
236	499	7.38551
367	146	4.46379
359	313	7.76086
305	165	5.59189
395	206	6.93575
293	500	7.93803
303	1	8.90139
428	194	4.98035
398	292	4.86428
223	231	14.6372
66	240	19.9518
1e-06	1e-06	1e-06	1e-06	1e-06	1e-06	1e-06	1e-06	1e-06	1e-06	1e-06	1e-06	1e-06	1e-06	1e-06	1e-06	1e-06	1e-06	1e-06	1e-06	1e-06	1e-06	1e-06
100000	100000	100000	100000	100000	100000	100000	100000	100000	100000	100000	100000	100000	100000	100000	100000	100000	100000	100000	100000	100000	100000	100000
