23
77	211
153	414
12	237	3.85147
363	437	5.20741
496	355	10.5809
86	163	3.64042
430	122	11.2675
41	385	8.04003
0	397	5.18194
145	343	8.92683
406	210	16.0285
49	501	18.5947
246	46	5.73329
361	529	8.64997
239	92	8.07137
502	423	9.23664
114	96	9.62273
494	207	7.02066
323	456	8.73726
526	227	5.06786
216	414	6.85847
10	258	2.91673
385	47	17.1365
12	213	2.82863
103	177	4.33519
1e-06	1e-06	1e-06	1e-06	1e-06	1e-06	1e-06	1e-06	1e-06	1e-06	1e-06	1e-06	1e-06	1e-06	1e-06	1e-06	1e-06	1e-06	1e-06	1e-06	1e-06	1e-06	1e-06
100000	100000	100000	100000	100000	100000	100000	100000	100000	100000	100000	100000	100000	100000	100000	100000	100000	100000	100000	100000	100000	100000	100000
