23
127	89
90	496
287	527	22.0723
163	447	19.3227
243	430	10.7362
352	375	6.27199
104	480	4.37318
374	49	22.1555
154	98	8.01757
434	103	17.2747
529	328	6.70919
522	354	6.89585
287	419	13.5877
158	298	32.8172
139	159	12.8734
475	361	12.2115
340	344	7.53185
451	200	26.2936
335	390	5.28693
268	44	14.9471
34	275	28.8846
93	74	9.81357
396	318	17.3761
213	84	16.8674
329	139	29.2984
1e-06	1e-06	1e-06	1e-06	1e-06	1e-06	1e-06	1e-06	1e-06	1e-06	1e-06	1e-06	1e-06	1e-06	1e-06	1e-06	1e-06	1e-06	1e-06	1e-06	1e-06	1e-06	1e-06
100000	100000	100000	100000	100000	100000	100000	100000	100000	100000	100000	100000	100000	100000	100000	100000	100000	100000	100000	100000	100000	100000	100000
