23
475	269
486	514
426	347	13.079
473	325	10.7377
249	411	11.6661
506	173	3.1394
177	299	17.4934
494	409	24.5315
258	87	14.2918
402	229	13.6686
470	59	28.3098
49	193	23.6523
331	104	14.504
69	100	23.6988
297	286	22.1104
467	255	3.95962
513	161	3.99218
230	371	9.73983
470	197	10.505
41	414	35.9312
267	137	13.7649
301	400	12.249
247	229	18.4346
359	197	10.7394
91	297	20.2629
1e-06	1e-06	1e-06	1e-06	1e-06	1e-06	1e-06	1e-06	1e-06	1e-06	1e-06	1e-06	1e-06	1e-06	1e-06	1e-06	1e-06	1e-06	1e-06	1e-06	1e-06	1e-06	1e-06
100000	100000	100000	100000	100000	100000	100000	100000	100000	100000	100000	100000	100000	100000	100000	100000	100000	100000	100000	100000	100000	100000	100000
