23
371	164
204	66
171	96	10.3322
115	275	20.2151
351	136	11.4096
283	314	25.8859
497	395	48.9368
164	182	9.78754
87	226	21.1717
389	123	12.9415
407	190	14.9496
529	101	8.95117
304	79	24.7672
375	434	41.212
247	139	22.7815
211	335	23.3871
104	161	20.4659
397	62	20.4426
509	89	9.28845
141	111	12.4649
341	23	25.9627
49	279	20.8466
178	158	10.1838
44	68	42.2935
280	201	26.8488
1e-06	1e-06	1e-06	1e-06	1e-06	1e-06	1e-06	1e-06	1e-06	1e-06	1e-06	1e-06	1e-06	1e-06	1e-06	1e-06	1e-06	1e-06	1e-06	1e-06	1e-06	1e-06	1e-06
100000	100000	100000	100000	100000	100000	100000	100000	100000	100000	100000	100000	100000	100000	100000	100000	100000	100000	100000	100000	100000	100000	100000
