23
127	12
217	60
338	256	44.7441
399	448	23.6006
438	120	25.8891
32	471	5.23741
197	35	12.6399
155	121	14.1697
381	68	23.3674
30	454	6.658
65	64	24.7883
194	512	54.3471
124	246	26.0959
465	433	5.75717
165	82	15.4595
477	441	4.40029
8	366	34.9167
310	140	37.2556
87	308	28.3967
480	197	33.1827
254	371	47.3878
482	306	36.8488
463	509	26.7423
378	504	21.8917
57	158	33.9266
1e-06	1e-06	1e-06	1e-06	1e-06	1e-06	1e-06	1e-06	1e-06	1e-06	1e-06	1e-06	1e-06	1e-06	1e-06	1e-06	1e-06	1e-06	1e-06	1e-06	1e-06	1e-06	1e-06
100000	100000	100000	100000	100000	100000	100000	100000	100000	100000	100000	100000	100000	100000	100000	100000	100000	100000	100000	100000	100000	100000	100000
