23
416	416
23	105
67	124	3.48734
313	320	8.16538
122	245	2.9595
171	406	17.6329
51	134	2.52042
416	477	2.26301
284	229	11.2685
217	196	9.35904
2	513	9.03202
133	38	15.0257
14	276	5.47679
195	94	9.1964
97	129	4.03109
34	252	5.82185
39	448	14.1326
395	471	3.17204
88	169	6.74053
118	260	1.86749
364	160	12.5106
375	301	9.02896
405	374	7.97156
429	95	12.704
302	17	26.3132
1e-06	1e-06	1e-06	1e-06	1e-06	1e-06	1e-06	1e-06	1e-06	1e-06	1e-06	1e-06	1e-06	1e-06	1e-06	1e-06	1e-06	1e-06	1e-06	1e-06	1e-06	1e-06	1e-06
100000	100000	100000	100000	100000	100000	100000	100000	100000	100000	100000	100000	100000	100000	100000	100000	100000	100000	100000	100000	100000	100000	100000
