23
253	114
38	84
504	503	28.764
346	41	8.70756
373	239	17.6364
408	32	13.4458
18	302	30.5902
111	253	19.5358
86	74	10.3843
381	449	23.1028
382	105	18.6207
176	15	13.0801
81	18	9.34297
245	155	9.48862
251	265	24.8952
327	196	16.7732
59	444	32.2216
336	2	9.25036
311	55	8.71747
99	158	13.0341
56	49	10.9576
58	181	11.4165
5	125	11.7676
139	61	11.8471
337	382	20.1365
1e-06	1e-06	1e-06	1e-06	1e-06	1e-06	1e-06	1e-06	1e-06	1e-06	1e-06	1e-06	1e-06	1e-06	1e-06	1e-06	1e-06	1e-06	1e-06	1e-06	1e-06	1e-06	1e-06
100000	100000	100000	100000	100000	100000	100000	100000	100000	100000	100000	100000	100000	100000	100000	100000	100000	100000	100000	100000	100000	100000	100000
