24
270	427
332	518
370	486	6.26999
52	434	20.1101
312	153	9.42138
575	429	39.1275
339	115	11.6812
185	55	5.65354
30	503	7.29896
264	532	15.3307
346	469	6.43896
6	193	1.19201
162	52	6.84322
214	475	18.8192
493	262	19.2976
11	195	1.32484
38	181	8.36837
444	543	23.9934
558	267	12.952
305	249	24.513
38	535	9.32072
238	383	15.6378
538	99	22.8644
545	209	14.2658
219	202	20.977
472	8	31.6931
1e-06	1e-06	1e-06	1e-06	1e-06	1e-06	1e-06	1e-06	1e-06	1e-06	1e-06	1e-06	1e-06	1e-06	1e-06	1e-06	1e-06	1e-06	1e-06	1e-06	1e-06	1e-06	1e-06	1e-06
100000	100000	100000	100000	100000	100000	100000	100000	100000	100000	100000	100000	100000	100000	100000	100000	100000	100000	100000	100000	100000	100000	100000	100000
