24
466	186
157	446
371	387	8.85756
321	39	15.0745
412	345	7.01558
275	137	12.0243
332	364	8.99706
526	34	17.79
79	54	5.14805
120	189	19.8413
239	63	14.1839
407	293	7.66335
523	317	14.0964
546	139	15.8379
233	375	10.2546
542	477	3.61512
138	438	3.19817
65	82	5.05176
414	192	8.28538
473	265	7.66317
45	64	4.40875
16	273	24.4662
544	505	4.91837
192	423	8.29311
61	457	13.7466
123	385	6.29146
1e-06	1e-06	1e-06	1e-06	1e-06	1e-06	1e-06	1e-06	1e-06	1e-06	1e-06	1e-06	1e-06	1e-06	1e-06	1e-06	1e-06	1e-06	1e-06	1e-06	1e-06	1e-06	1e-06	1e-06
100000	100000	100000	100000	100000	100000	100000	100000	100000	100000	100000	100000	100000	100000	100000	100000	100000	100000	100000	100000	100000	100000	100000	100000
