24
208	528
495	306
544	60	5.48788
260	38	20.1273
573	83	11.0054
563	536	61.4933
554	27	7.56228
26	83	6.8775
76	477	14.4814
305	462	18.6611
525	43	5.21959
174	518	7.19272
177	188	12.0355
29	553	4.73388
381	123	23.4078
289	163	20.5839
106	138	11.68
347	237	27.2259
489	36	9.72577
142	162	12.5609
16	329	44.1375
33	532	4.34015
40	59	8.13432
354	418	17.9655
225	551	6.78046
195	109	22.2857
1e-06	1e-06	1e-06	1e-06	1e-06	1e-06	1e-06	1e-06	1e-06	1e-06	1e-06	1e-06	1e-06	1e-06	1e-06	1e-06	1e-06	1e-06	1e-06	1e-06	1e-06	1e-06	1e-06	1e-06
100000	100000	100000	100000	100000	100000	100000	100000	100000	100000	100000	100000	100000	100000	100000	100000	100000	100000	100000	100000	100000	100000	100000	100000
