24
350	158
267	524
233	400	1.9641
376	190	3.67783
553	319	4.24904
475	153	20.0253
88	298	1.49028
94	291	0.930952
352	421	15.6368
378	5	16.0417
161	447	3.87851
178	481	4.57278
468	18	16.5218
413	347	7.53476
230	413	1.42355
474	390	9.41002
353	198	3.43243
183	255	8.06875
48	352	7.84961
575	318	4.06709
192	414	5.81034
200	10	35.2764
417	510	21.8442
312	336	12.0021
291	209	10.7284
137	281	7.12206
1e-06	1e-06	1e-06	1e-06	1e-06	1e-06	1e-06	1e-06	1e-06	1e-06	1e-06	1e-06	1e-06	1e-06	1e-06	1e-06	1e-06	1e-06	1e-06	1e-06	1e-06	1e-06	1e-06	1e-06
100000	100000	100000	100000	100000	100000	100000	100000	100000	100000	100000	100000	100000	100000	100000	100000	100000	100000	100000	100000	100000	100000	100000	100000
