24
256	293
347	527
227	574	7.66778
126	233	5.31395
429	236	5.78183
54	200	9.06628
124	260	4.31346
260	530	1.55153
109	461	4.1847
571	135	19.8871
340	434	14.5998
549	478	6.01797
137	476	5.6575
233	308	4.6877
224	380	2.55085
272	535	2.15169
172	452	4.295
429	541	8.78075
219	364	1.73663
115	42	17.0707
529	515	7.47587
94	174	8.32712
270	391	5.23762
415	115	16.5466
355	174	7.75817
422	203	6.58121
1e-06	1e-06	1e-06	1e-06	1e-06	1e-06	1e-06	1e-06	1e-06	1e-06	1e-06	1e-06	1e-06	1e-06	1e-06	1e-06	1e-06	1e-06	1e-06	1e-06	1e-06	1e-06	1e-06	1e-06
100000	100000	100000	100000	100000	100000	100000	100000	100000	100000	100000	100000	100000	100000	100000	100000	100000	100000	100000	100000	100000	100000	100000	100000
