24
140	38
37	235
369	502	17.0331
332	287	32.0406
247	319	35.5281
361	459	15.8625
519	298	32.214
574	19	47.965
116	212	27.0328
0	484	38.1495
243	159	19.7809
56	255	11.0208
248	41	25.9974
219	448	21.4809
519	147	5.48106
134	84	14.2678
536	145	6.75355
330	30	29.0221
109	540	37.7059
567	370	26.3265
197	394	22.1794
373	194	36.598
287	487	23.9029
184	247	15.799
206	207	16.3643
466	488	31.6517
1e-06	1e-06	1e-06	1e-06	1e-06	1e-06	1e-06	1e-06	1e-06	1e-06	1e-06	1e-06	1e-06	1e-06	1e-06	1e-06	1e-06	1e-06	1e-06	1e-06	1e-06	1e-06	1e-06	1e-06
100000	100000	100000	100000	100000	100000	100000	100000	100000	100000	100000	100000	100000	100000	100000	100000	100000	100000	100000	100000	100000	100000	100000	100000
