24
402	233
503	345
143	402	26.7652
42	102	18.5074
237	506	29.8503
455	102	39.2627
515	523	22.5459
348	521	7.83119
119	521	38.6533
573	374	27.808
327	211	7.47013
465	487	13.5358
42	157	19.1703
317	228	7.43324
499	261	29.6196
264	576	28.8381
369	526	7.38739
105	336	22.1572
571	61	41.9166
493	454	13.5946
323	300	23.3825
191	166	44.2912
432	576	7.98656
39	304	24.0726
22	208	21.8526
453	576	7.99084
1e-06	1e-06	1e-06	1e-06	1e-06	1e-06	1e-06	1e-06	1e-06	1e-06	1e-06	1e-06	1e-06	1e-06	1e-06	1e-06	1e-06	1e-06	1e-06	1e-06	1e-06	1e-06	1e-06	1e-06
100000	100000	100000	100000	100000	100000	100000	100000	100000	100000	100000	100000	100000	100000	100000	100000	100000	100000	100000	100000	100000	100000	100000	100000
