24
479	426
155	46
313	480	29.0402
512	134	7.28161
347	555	32.8957
221	27	26.3109
52	491	31.5013
111	112	24.4461
59	300	9.37672
265	238	14.1254
50	272	9.22747
486	354	20.109
570	160	24.4897
300	209	15.7524
547	566	57.4562
424	346	9.20271
385	373	8.87837
403	360	8.82084
245	339	40.1861
522	117	7.32667
419	153	27.2465
24	245	7.48339
141	527	34.1356
44	234	7.03684
537	419	21.9032
485	191	21.9553
1e-06	1e-06	1e-06	1e-06	1e-06	1e-06	1e-06	1e-06	1e-06	1e-06	1e-06	1e-06	1e-06	1e-06	1e-06	1e-06	1e-06	1e-06	1e-06	1e-06	1e-06	1e-06	1e-06	1e-06
100000	100000	100000	100000	100000	100000	100000	100000	100000	100000	100000	100000	100000	100000	100000	100000	100000	100000	100000	100000	100000	100000	100000	100000
