24
542	391
353	568
12	465	12.8795
239	121	10.2563
96	226	1.28
259	340	11.9401
53	345	12.5454
38	531	7.728
130	78	10.7775
314	148	15.8991
535	3	20.145
477	435	13.0249
249	65	7.60721
75	84	8.17465
349	250	7.04074
120	24	9.75583
419	269	11.8335
235	572	17.8949
189	494	11.4372
91	231	0.943816
7	134	13.0165
308	384	9.24503
278	27	5.27468
500	138	22.1595
294	262	10.4505
519	384	3.09358
1e-06	1e-06	1e-06	1e-06	1e-06	1e-06	1e-06	1e-06	1e-06	1e-06	1e-06	1e-06	1e-06	1e-06	1e-06	1e-06	1e-06	1e-06	1e-06	1e-06	1e-06	1e-06	1e-06	1e-06
100000	100000	100000	100000	100000	100000	100000	100000	100000	100000	100000	100000	100000	100000	100000	100000	100000	100000	100000	100000	100000	100000	100000	100000
