24
485	317
9	152
335	2	1.53118
2	360	11.5632
340	489	18.2566
303	17	7.26987
540	334	10.3409
569	100	11.9436
14	15	28.8244
466	451	11.4858
487	301	4.33766
239	414	16.5614
481	241	11.5753
40	350	9.35961
564	7	22.9397
418	117	28.6056
530	131	14.5652
422	452	12.6863
52	187	14.5085
337	7	1.54736
533	261	8.14059
321	269	31.9445
434	359	14.2466
526	290	5.99721
299	424	15.3348
547	299	6.29313
1e-06	1e-06	1e-06	1e-06	1e-06	1e-06	1e-06	1e-06	1e-06	1e-06	1e-06	1e-06	1e-06	1e-06	1e-06	1e-06	1e-06	1e-06	1e-06	1e-06	1e-06	1e-06	1e-06	1e-06
100000	100000	100000	100000	100000	100000	100000	100000	100000	100000	100000	100000	100000	100000	100000	100000	100000	100000	100000	100000	100000	100000	100000	100000
