25
282	21
308	71
543	450	13.3192
98	80	12.3536
338	374	24.2479
288	499	32.3737
186	48	16.5121
135	302	36.1449
297	187	8.58739
529	611	35.2543
537	179	44.4679
624	580	30.8991
254	238	14.721
222	274	15.7172
413	108	15.2655
135	67	12.494
324	71	6.0644
73	535	14.9724
540	406	15.1253
399	239	45.2659
443	80	14.821
372	592	40.3814
298	165	6.69075
0	590	30.0871
195	541	36.2355
80	497	13.8222
269	401	25.0993
1e-06	1e-06	1e-06	1e-06	1e-06	1e-06	1e-06	1e-06	1e-06	1e-06	1e-06	1e-06	1e-06	1e-06	1e-06	1e-06	1e-06	1e-06	1e-06	1e-06	1e-06	1e-06	1e-06	1e-06	1e-06
100000	100000	100000	100000	100000	100000	100000	100000	100000	100000	100000	100000	100000	100000	100000	100000	100000	100000	100000	100000	100000	100000	100000	100000	100000
