25
303	128
385	50
434	79	9.43029
581	435	1.67723
51	203	5.74259
296	229	15.7492
331	138	5.55089
5	225	9.7817
560	586	23.8331
9	480	0.851221
268	569	13.6923
57	84	6.80062
502	198	8.95093
582	451	3.14023
4	486	1.47753
416	468	8.67013
467	421	13.7608
201	524	11.0336
170	362	15.5053
115	94	9.03638
446	144	11.4329
214	426	12.5333
604	450	3.49118
551	47	22.2197
112	194	11.3374
64	140	9.27296
167	593	10.9739
1e-06	1e-06	1e-06	1e-06	1e-06	1e-06	1e-06	1e-06	1e-06	1e-06	1e-06	1e-06	1e-06	1e-06	1e-06	1e-06	1e-06	1e-06	1e-06	1e-06	1e-06	1e-06	1e-06	1e-06	1e-06
100000	100000	100000	100000	100000	100000	100000	100000	100000	100000	100000	100000	100000	100000	100000	100000	100000	100000	100000	100000	100000	100000	100000	100000	100000
