25
383	307
329	399
359	548	32.9681
362	394	5.06341
591	210	7.05587
346	299	8.43762
512	381	10.9951
153	0	10.6079
382	393	4.88094
54	380	22.2314
184	40	13.2381
22	114	38.3552
240	45	14.2204
150	198	7.78288
485	290	13.1796
126	216	7.3463
532	328	13.3474
239	328	32.9427
511	89	11.4832
476	62	9.65757
211	550	22.8766
138	439	17.9165
613	160	14.8319
121	504	19.788
154	76	11.7769
607	241	8.85336
479	365	7.41721
1e-06	1e-06	1e-06	1e-06	1e-06	1e-06	1e-06	1e-06	1e-06	1e-06	1e-06	1e-06	1e-06	1e-06	1e-06	1e-06	1e-06	1e-06	1e-06	1e-06	1e-06	1e-06	1e-06	1e-06	1e-06
100000	100000	100000	100000	100000	100000	100000	100000	100000	100000	100000	100000	100000	100000	100000	100000	100000	100000	100000	100000	100000	100000	100000	100000	100000
