25
262	121
391	585
200	365	25.7263
33	276	11.0651
336	464	9.29429
65	244	7.5256
236	79	9.94419
368	579	5.90936
75	401	14.6159
27	427	14.3591
164	515	1.20591
90	513	13.7283
293	485	7.47487
326	599	12.3783
354	417	9.90648
564	131	81.5062
78	209	10.2778
456	430	6.22989
281	128	5.37822
377	458	9.80662
187	277	22.262
491	425	10.4493
305	450	6.98431
280	288	24.0281
433	440	5.21629
167	518	1.03347
139	499	6.78665
1e-06	1e-06	1e-06	1e-06	1e-06	1e-06	1e-06	1e-06	1e-06	1e-06	1e-06	1e-06	1e-06	1e-06	1e-06	1e-06	1e-06	1e-06	1e-06	1e-06	1e-06	1e-06	1e-06	1e-06	1e-06
100000	100000	100000	100000	100000	100000	100000	100000	100000	100000	100000	100000	100000	100000	100000	100000	100000	100000	100000	100000	100000	100000	100000	100000	100000
