25
63	458
355	343
522	367	5.18889
398	6	8.97806
403	166	13.7603
376	302	8.50731
604	32	14.9179
26	252	39.1872
511	258	11.1727
527	159	2.29727
501	99	9.69016
491	528	13.2328
98	622	4.24287
99	450	4.12938
533	181	2.42884
507	410	7.90801
578	565	17.768
569	420	12.1633
316	28	1.40372
240	22	8.4054
269	536	18.2327
102	595	4.29071
370	446	15.9592
377	600	8.66095
309	34	1.62696
282	377	12.2238
449	591	8.81135
1e-06	1e-06	1e-06	1e-06	1e-06	1e-06	1e-06	1e-06	1e-06	1e-06	1e-06	1e-06	1e-06	1e-06	1e-06	1e-06	1e-06	1e-06	1e-06	1e-06	1e-06	1e-06	1e-06	1e-06	1e-06
100000	100000	100000	100000	100000	100000	100000	100000	100000	100000	100000	100000	100000	100000	100000	100000	100000	100000	100000	100000	100000	100000	100000	100000	100000
