25
267	436
285	377
139	431	4.99782
227	236	31.6971
566	421	23.2473
409	284	12.6568
31	117	15.3071
349	432	12.2165
542	297	17.7545
202	620	46.6231
228	144	29.1291
519	378	19.8746
308	281	25.7202
562	252	18.0839
63	88	16.1009
441	558	9.91686
26	590	14.8516
297	64	40.8178
148	445	5.27273
342	472	14.7477
314	444	13.8535
375	274	13.641
414	567	8.56818
252	338	19.0201
40	450	39.3161
64	612	15.0811
275	451	5.99685
1e-06	1e-06	1e-06	1e-06	1e-06	1e-06	1e-06	1e-06	1e-06	1e-06	1e-06	1e-06	1e-06	1e-06	1e-06	1e-06	1e-06	1e-06	1e-06	1e-06	1e-06	1e-06	1e-06	1e-06	1e-06
100000	100000	100000	100000	100000	100000	100000	100000	100000	100000	100000	100000	100000	100000	100000	100000	100000	100000	100000	100000	100000	100000	100000	100000	100000
