25
142	474
438	234
521	337	15.3399
362	75	12.5876
437	42	15.5357
256	360	9.83943
51	371	1.93319
415	221	0.787649
60	352	1.26655
444	558	12.4584
56	360	1.49409
75	116	7.45867
538	118	15.9843
389	528	8.06707
218	275	11.8754
17	213	7.93478
294	99	14.0286
204	162	19.076
26	154	11.5216
132	466	1.31661
596	13	20.2758
280	280	10.3993
244	17	5.76877
122	366	12.2661
417	225	0.684727
215	24	4.9941
148	574	10.2914
1e-06	1e-06	1e-06	1e-06	1e-06	1e-06	1e-06	1e-06	1e-06	1e-06	1e-06	1e-06	1e-06	1e-06	1e-06	1e-06	1e-06	1e-06	1e-06	1e-06	1e-06	1e-06	1e-06	1e-06	1e-06
100000	100000	100000	100000	100000	100000	100000	100000	100000	100000	100000	100000	100000	100000	100000	100000	100000	100000	100000	100000	100000	100000	100000	100000	100000
