25
192	433
405	118
375	266	13.6232
26	479	10.3461
407	487	13.0402
399	102	2.23263
147	363	8.79357
549	417	5.68815
171	483	5.78321
506	274	8.81963
550	207	4.23133
177	15	10.4218
97	480	8.51755
224	236	17.2373
165	165	12.3827
575	144	9.54808
578	553	2.70363
557	241	6.43301
518	227	6.23219
555	545	2.58703
164	597	11.2628
312	231	9.22278
285	42	19.3506
113	572	10.1579
507	408	5.74603
172	84	7.98282
51	22	12.8117
1e-06	1e-06	1e-06	1e-06	1e-06	1e-06	1e-06	1e-06	1e-06	1e-06	1e-06	1e-06	1e-06	1e-06	1e-06	1e-06	1e-06	1e-06	1e-06	1e-06	1e-06	1e-06	1e-06	1e-06	1e-06
100000	100000	100000	100000	100000	100000	100000	100000	100000	100000	100000	100000	100000	100000	100000	100000	100000	100000	100000	100000	100000	100000	100000	100000	100000
