25
314	427
359	319
52	150	11.3764
503	170	20.4156
43	444	12.272
4	156	12.4689
365	76	22.6247
106	60	9.3003
176	572	13.7235
515	313	20.9232
260	458	15.8541
283	66	18.923
137	484	19.9738
225	576	12.823
557	244	16.7499
12	57	12.0504
58	64	12.8519
132	214	22.425
22	502	2.45956
113	29	8.03476
366	295	6.72755
568	70	18.7804
107	130	11.7729
27	492	2.57287
195	264	19.2138
599	131	16.678
373	427	17.5852
1e-06	1e-06	1e-06	1e-06	1e-06	1e-06	1e-06	1e-06	1e-06	1e-06	1e-06	1e-06	1e-06	1e-06	1e-06	1e-06	1e-06	1e-06	1e-06	1e-06	1e-06	1e-06	1e-06	1e-06	1e-06
100000	100000	100000	100000	100000	100000	100000	100000	100000	100000	100000	100000	100000	100000	100000	100000	100000	100000	100000	100000	100000	100000	100000	100000	100000
