25
328	92
481	20
1	427	11.2863
37	565	1.8226
114	608	7.99051
76	591	4.27576
354	26	13.3024
186	317	12.9869
23	555	3.19824
129	436	14.7878
240	144	6.68652
123	10	20.9898
480	324	21.5203
17	536	3.62178
418	622	7.55429
267	185	9.49813
449	181	14.6435
278	488	6.49119
315	381	4.03616
34	199	24.935
25	511	4.78099
263	542	5.76107
483	480	15.4142
31	618	6.38602
261	20	14.8584
277	380	7.30129
435	567	6.56211
1e-06	1e-06	1e-06	1e-06	1e-06	1e-06	1e-06	1e-06	1e-06	1e-06	1e-06	1e-06	1e-06	1e-06	1e-06	1e-06	1e-06	1e-06	1e-06	1e-06	1e-06	1e-06	1e-06	1e-06	1e-06
100000	100000	100000	100000	100000	100000	100000	100000	100000	100000	100000	100000	100000	100000	100000	100000	100000	100000	100000	100000	100000	100000	100000	100000	100000
