25
71	207
389	351
387	443	17.0764
141	418	24.5868
334	479	16.1478
165	326	26.2758
93	87	11.5467
56	610	51.064
482	3	35.114
203	383	22.6401
340	434	15.6263
27	19	27.2764
192	7	35.4993
464	109	5.90368
149	114	19.0728
441	297	26.5186
93	53	13.533
241	437	20.7402
459	158	15.7347
168	501	27.5504
291	604	39.8346
447	116	6.81194
288	249	56.8051
31	319	45.9558
532	258	30.5286
590	348	35.9508
69	474	28.8791
1e-06	1e-06	1e-06	1e-06	1e-06	1e-06	1e-06	1e-06	1e-06	1e-06	1e-06	1e-06	1e-06	1e-06	1e-06	1e-06	1e-06	1e-06	1e-06	1e-06	1e-06	1e-06	1e-06	1e-06	1e-06
100000	100000	100000	100000	100000	100000	100000	100000	100000	100000	100000	100000	100000	100000	100000	100000	100000	100000	100000	100000	100000	100000	100000	100000	100000
