25
483	340
393	331
271	169	16.9126
54	345	19.1566
530	62	18.4195
265	461	7.23756
366	112	16.5432
512	467	12.4593
21	68	32.9004
382	58	13.4842
372	415	18.9565
418	191	11.6764
370	209	15.1315
340	281	18.0919
437	402	14.9608
260	343	28.4663
588	5	20.507
228	591	34.6021
18	498	23.7459
573	458	16.9176
60	429	19.2001
298	467	7.85851
35	202	26.8817
250	1	34.6873
157	333	21.3802
309	222	13.7486
143	262	20.0208
1e-06	1e-06	1e-06	1e-06	1e-06	1e-06	1e-06	1e-06	1e-06	1e-06	1e-06	1e-06	1e-06	1e-06	1e-06	1e-06	1e-06	1e-06	1e-06	1e-06	1e-06	1e-06	1e-06	1e-06	1e-06
100000	100000	100000	100000	100000	100000	100000	100000	100000	100000	100000	100000	100000	100000	100000	100000	100000	100000	100000	100000	100000	100000	100000	100000	100000
