25
615	394
147	400
317	152	23.6101
518	509	18.8759
151	105	28.8509
505	325	3.47774
565	445	18.1206
291	596	21.2454
158	447	12.306
519	252	18.4246
499	312	3.04139
80	596	9.11688
541	172	17.9204
625	335	14.4045
390	387	29.3031
274	398	5.95876
206	593	5.81296
201	517	17.1854
46	614	9.81883
10	392	30.6315
91	547	14.3668
526	5	49.9058
207	240	9.1062
276	372	6.3743
183	585	6.99728
176	270	12.5621
222	212	7.7043
1e-06	1e-06	1e-06	1e-06	1e-06	1e-06	1e-06	1e-06	1e-06	1e-06	1e-06	1e-06	1e-06	1e-06	1e-06	1e-06	1e-06	1e-06	1e-06	1e-06	1e-06	1e-06	1e-06	1e-06	1e-06
100000	100000	100000	100000	100000	100000	100000	100000	100000	100000	100000	100000	100000	100000	100000	100000	100000	100000	100000	100000	100000	100000	100000	100000	100000
