25
561	262
241	481
341	172	43.4299
532	87	36.517
100	569	26.4419
81	344	8.27252
317	363	23.304
164	407	22.2654
532	518	8.888
170	36	52.5817
515	494	11.6041
222	289	23.1078
189	215	32.0961
213	488	10.7656
87	318	9.52545
424	284	24.4403
352	300	24.2252
107	164	34.8563
545	190	28.3694
280	291	21.3852
580	294	13.3017
527	329	22.1323
146	341	24.2079
428	541	19.2677
402	491	21.752
494	597	30.6968
164	596	24.2289
1e-06	1e-06	1e-06	1e-06	1e-06	1e-06	1e-06	1e-06	1e-06	1e-06	1e-06	1e-06	1e-06	1e-06	1e-06	1e-06	1e-06	1e-06	1e-06	1e-06	1e-06	1e-06	1e-06	1e-06	1e-06
100000	100000	100000	100000	100000	100000	100000	100000	100000	100000	100000	100000	100000	100000	100000	100000	100000	100000	100000	100000	100000	100000	100000	100000	100000
