25
303	350
351	538
329	444	20.6162
269	69	20.5884
411	586	14.5342
609	92	28.9415
495	356	26.5646
177	54	6.00484
582	248	2.4415
75	160	11.6418
154	182	10.8414
350	344	11.6405
58	608	28.2482
348	587	12.4441
414	266	24.254
181	152	10.4712
355	210	22.0717
62	119	12.4938
484	447	21.8918
249	508	26.2016
494	61	17.116
132	548	13.0392
12	518	30.2778
458	7	15.2478
158	506	13.1395
585	238	2.40281
164	79	7.45833
1e-06	1e-06	1e-06	1e-06	1e-06	1e-06	1e-06	1e-06	1e-06	1e-06	1e-06	1e-06	1e-06	1e-06	1e-06	1e-06	1e-06	1e-06	1e-06	1e-06	1e-06	1e-06	1e-06	1e-06	1e-06
100000	100000	100000	100000	100000	100000	100000	100000	100000	100000	100000	100000	100000	100000	100000	100000	100000	100000	100000	100000	100000	100000	100000	100000	100000
