26
144	41
420	115
411	418	0.423853
202	143	4.81578
107	71	9.52773
342	424	18.8525
223	150	1.64521
379	642	32.6551
413	121	2.5429
557	272	5.60731
170	64	9.11034
392	505	16.2239
17	509	48.583
227	155	1.67981
409	445	6.57076
580	621	14.1156
64	220	12.5112
411	420	0.566924
568	289	4.96061
576	673	11.6479
26	50	17.1428
54	175	10.6258
595	70	14.673
600	136	6.43026
0	319	32.3438
177	6	12.4019
527	267	7.17602
625	142	6.10096
1e-06	1e-06	1e-06	1e-06	1e-06	1e-06	1e-06	1e-06	1e-06	1e-06	1e-06	1e-06	1e-06	1e-06	1e-06	1e-06	1e-06	1e-06	1e-06	1e-06	1e-06	1e-06	1e-06	1e-06	1e-06	1e-06
100000	100000	100000	100000	100000	100000	100000	100000	100000	100000	100000	100000	100000	100000	100000	100000	100000	100000	100000	100000	100000	100000	100000	100000	100000	100000
