26
253	510
177	111
298	659	52.252
521	495	9.54527
167	104	4.08402
349	421	8.52032
54	341	8.06873
620	326	17.5287
138	544	40.9487
243	364	6.61219
634	218	17.3921
672	82	43.2729
220	205	30.3732
413	557	40.5121
393	345	12.0965
13	300	11.0119
135	303	32.5923
356	357	13.6456
48	300	11.7174
338	396	10.0645
36	496	41.7365
247	344	6.40931
550	508	10.5496
587	203	15.3045
301	186	31.5264
654	493	31.5272
583	366	21.6805
33	326	8.62516
1e-06	1e-06	1e-06	1e-06	1e-06	1e-06	1e-06	1e-06	1e-06	1e-06	1e-06	1e-06	1e-06	1e-06	1e-06	1e-06	1e-06	1e-06	1e-06	1e-06	1e-06	1e-06	1e-06	1e-06	1e-06	1e-06
100000	100000	100000	100000	100000	100000	100000	100000	100000	100000	100000	100000	100000	100000	100000	100000	100000	100000	100000	100000	100000	100000	100000	100000	100000	100000
