26
379	623
447	13
184	435	20.3378
602	579	22.8118
629	72	16.1877
216	373	16.1096
58	360	15.3707
417	246	13.2792
478	586	12.5468
495	650	16.1171
552	139	16.6049
117	363	12.3693
155	647	59.8579
526	562	15.294
33	429	20.5204
260	169	32.4487
377	268	13.16
566	55	18.5551
352	391	4.60108
96	261	7.85454
623	268	14.8725
487	179	15.9313
572	314	15.5918
444	25	3.5138
59	270	8.00614
376	41	18.5347
122	288	8.88529
354	374	4.17651
1e-06	1e-06	1e-06	1e-06	1e-06	1e-06	1e-06	1e-06	1e-06	1e-06	1e-06	1e-06	1e-06	1e-06	1e-06	1e-06	1e-06	1e-06	1e-06	1e-06	1e-06	1e-06	1e-06	1e-06	1e-06	1e-06
100000	100000	100000	100000	100000	100000	100000	100000	100000	100000	100000	100000	100000	100000	100000	100000	100000	100000	100000	100000	100000	100000	100000	100000	100000	100000
