26
611	38
476	90
324	407	18.7371
131	288	26.1559
584	239	16.7397
103	355	15.3401
87	392	15.597
633	150	26.4847
510	57	15.463
457	171	20.7162
670	41	20.4319
292	512	40.3893
105	203	7.3191
589	531	61.3457
509	357	20.9213
463	104	7.38738
448	297	29.7391
670	225	27.171
340	106	38.3378
530	242	17.9673
107	182	6.9323
25	124	36.4637
363	366	17.4149
465	397	23.5262
71	17	36.1695
172	492	23.8592
139	547	25.1263
580	7	15.2826
1e-06	1e-06	1e-06	1e-06	1e-06	1e-06	1e-06	1e-06	1e-06	1e-06	1e-06	1e-06	1e-06	1e-06	1e-06	1e-06	1e-06	1e-06	1e-06	1e-06	1e-06	1e-06	1e-06	1e-06	1e-06	1e-06
100000	100000	100000	100000	100000	100000	100000	100000	100000	100000	100000	100000	100000	100000	100000	100000	100000	100000	100000	100000	100000	100000	100000	100000	100000	100000
