26
527	359
341	541
347	412	13.2684
482	531	5.7258
95	49	15.2219
410	31	8.54151
183	93	14.0621
168	529	9.40433
81	493	15.342
352	20	10.0364
138	305	22.2725
431	550	6.92956
555	100	2.47048
565	418	9.31538
448	239	14.3053
245	400	19.7145
445	317	6.44858
574	149	4.69522
264	521	12.7701
388	300	9.08408
622	305	21.3438
550	113	1.54863
674	485	21.4803
212	597	9.52955
564	495	8.70442
288	32	10.1953
10	602	24.9171
606	179	4.71206
1e-06	1e-06	1e-06	1e-06	1e-06	1e-06	1e-06	1e-06	1e-06	1e-06	1e-06	1e-06	1e-06	1e-06	1e-06	1e-06	1e-06	1e-06	1e-06	1e-06	1e-06	1e-06	1e-06	1e-06	1e-06	1e-06
100000	100000	100000	100000	100000	100000	100000	100000	100000	100000	100000	100000	100000	100000	100000	100000	100000	100000	100000	100000	100000	100000	100000	100000	100000	100000
