26
635	121
220	550
232	298	18.3015
566	338	25.12
676	475	9.01174
447	642	7.12715
638	291	12.1037
165	408	12.0452
458	81	1.13106
324	132	35.2655
30	100	33.3546
456	86	1.32615
668	21	26.3352
645	458	9.88152
252	641	20.0609
437	197	32.2097
597	670	42.7037
634	239	10.4361
175	363	11.4036
123	243	35.3125
408	412	36.9015
367	558	27.9412
176	665	20.7196
416	648	6.95759
207	524	8.61119
159	4	41.2608
106	469	20.1506
546	243	20.246
1e-06	1e-06	1e-06	1e-06	1e-06	1e-06	1e-06	1e-06	1e-06	1e-06	1e-06	1e-06	1e-06	1e-06	1e-06	1e-06	1e-06	1e-06	1e-06	1e-06	1e-06	1e-06	1e-06	1e-06	1e-06	1e-06
100000	100000	100000	100000	100000	100000	100000	100000	100000	100000	100000	100000	100000	100000	100000	100000	100000	100000	100000	100000	100000	100000	100000	100000	100000	100000
