26
518	57
163	137
234	656	13.2779
137	196	2.70255
3	155	12.2809
100	158	4.72837
572	91	6.71
72	215	5.57046
672	55	18.4235
471	541	31.1994
658	241	22.0172
547	372	4.55089
62	442	28.5172
510	147	5.5323
608	461	10.4557
22	60	13.8777
114	196	3.47909
401	379	7.25298
318	297	15.8556
509	332	4.99672
262	563	13.7141
478	261	5.22696
488	292	3.73394
378	415	6.28957
508	362	4.3454
663	456	9.7919
301	483	16.604
540	138	4.11693
1e-06	1e-06	1e-06	1e-06	1e-06	1e-06	1e-06	1e-06	1e-06	1e-06	1e-06	1e-06	1e-06	1e-06	1e-06	1e-06	1e-06	1e-06	1e-06	1e-06	1e-06	1e-06	1e-06	1e-06	1e-06	1e-06
100000	100000	100000	100000	100000	100000	100000	100000	100000	100000	100000	100000	100000	100000	100000	100000	100000	100000	100000	100000	100000	100000	100000	100000	100000	100000
