26
378	210
310	611
594	428	6.74377
45	184	18.6956
395	520	12.6867
141	110	8.75635
446	331	24.0845
653	306	15.4422
521	583	7.44232
228	351	3.29549
393	104	10.1244
236	135	17.0404
102	348	13.878
561	564	8.835
118	12	10.9411
491	150	9.76512
19	297	18.5565
634	181	11.0434
268	627	8.95943
469	455	17.7254
237	336	3.16906
628	401	7.79771
361	51	8.57608
181	483	13.8132
61	78	15.6425
320	168	14.1664
556	155	10.2959
234	560	7.72023
1e-06	1e-06	1e-06	1e-06	1e-06	1e-06	1e-06	1e-06	1e-06	1e-06	1e-06	1e-06	1e-06	1e-06	1e-06	1e-06	1e-06	1e-06	1e-06	1e-06	1e-06	1e-06	1e-06	1e-06	1e-06	1e-06
100000	100000	100000	100000	100000	100000	100000	100000	100000	100000	100000	100000	100000	100000	100000	100000	100000	100000	100000	100000	100000	100000	100000	100000	100000	100000
