26
464	47
83	593
443	418	23.2453
260	608	26.0564
549	379	6.22049
221	314	16.606
38	530	4.12961
53	219	19.8668
499	123	23.3614
521	465	24.8339
90	651	11.7257
151	347	22.2994
518	638	33.193
340	383	22.2355
75	291	18.4555
177	158	35.2215
301	204	32.4041
373	23	15.7269
306	1	16.9948
130	565	13.0363
271	85	27.0024
621	103	30.9828
36	545	3.83544
117	460	24.2676
603	349	11.8125
555	357	5.66532
381	599	27.5477
25	463	18.2058
1e-06	1e-06	1e-06	1e-06	1e-06	1e-06	1e-06	1e-06	1e-06	1e-06	1e-06	1e-06	1e-06	1e-06	1e-06	1e-06	1e-06	1e-06	1e-06	1e-06	1e-06	1e-06	1e-06	1e-06	1e-06	1e-06
100000	100000	100000	100000	100000	100000	100000	100000	100000	100000	100000	100000	100000	100000	100000	100000	100000	100000	100000	100000	100000	100000	100000	100000	100000	100000
