26
343	645
625	413
363	307	18.6683
164	22	25.296
587	336	31.4643
313	303	18.8596
514	392	19.0147
285	43	13.8457
487	508	23.5917
604	26	27.8068
227	479	32.4594
78	371	50.785
35	134	25.4052
379	515	32.1482
605	108	2.18392
600	113	2.68246
18	624	100.659
478	441	19.7144
246	28	13.7048
351	671	10.6805
101	227	21.0274
48	202	4.79475
598	129	5.06752
317	457	33.2926
288	140	31.7327
365	95	31.6632
42	214	5.2111
317	588	21.594
1e-06	1e-06	1e-06	1e-06	1e-06	1e-06	1e-06	1e-06	1e-06	1e-06	1e-06	1e-06	1e-06	1e-06	1e-06	1e-06	1e-06	1e-06	1e-06	1e-06	1e-06	1e-06	1e-06	1e-06	1e-06	1e-06
100000	100000	100000	100000	100000	100000	100000	100000	100000	100000	100000	100000	100000	100000	100000	100000	100000	100000	100000	100000	100000	100000	100000	100000	100000	100000
