26
307	433
125	179
248	69	5.00825
316	170	19.684
385	322	34.2161
201	287	11.6846
38	112	31.6406
352	136	15.0054
4	210	32.1994
230	388	22.1367
341	43	28.5904
235	59	4.9373
103	319	33.3655
486	371	15.2365
556	487	17.406
230	269	11.5085
483	412	12.8418
207	553	27.2996
635	398	21.7282
245	496	16.2233
445	183	36.7179
667	582	39.7002
578	260	29.2957
549	534	18.3386
266	448	15.9095
629	343	18.8494
341	410	12.7902
114	435	35.106
1e-06	1e-06	1e-06	1e-06	1e-06	1e-06	1e-06	1e-06	1e-06	1e-06	1e-06	1e-06	1e-06	1e-06	1e-06	1e-06	1e-06	1e-06	1e-06	1e-06	1e-06	1e-06	1e-06	1e-06	1e-06	1e-06
100000	100000	100000	100000	100000	100000	100000	100000	100000	100000	100000	100000	100000	100000	100000	100000	100000	100000	100000	100000	100000	100000	100000	100000	100000	100000
