26
117	498
428	12
240	95	26.5869
423	578	27.6927
63	498	15.4144
269	666	26.5855
626	517	20.1778
231	561	23.0346
150	565	16.1826
264	391	12.3264
379	53	17.7889
625	597	19.9154
579	184	37.4479
43	608	31.5625
154	291	14.681
91	328	18.2942
504	393	25.8878
105	260	11.8785
628	354	37.1716
466	74	20.1327
523	588	12.4136
356	281	20.4296
308	202	25.6573
562	562	1.1488
438	290	18.9398
275	443	14.8488
143	102	21.911
559	558	1.05612
1e-06	1e-06	1e-06	1e-06	1e-06	1e-06	1e-06	1e-06	1e-06	1e-06	1e-06	1e-06	1e-06	1e-06	1e-06	1e-06	1e-06	1e-06	1e-06	1e-06	1e-06	1e-06	1e-06	1e-06	1e-06	1e-06
100000	100000	100000	100000	100000	100000	100000	100000	100000	100000	100000	100000	100000	100000	100000	100000	100000	100000	100000	100000	100000	100000	100000	100000	100000	100000
