26
268	126
75	496
560	123	10.6425
18	103	20.0713
73	675	46.7298
363	436	20.185
521	320	20.206
163	195	0.465311
221	538	33.7149
16	448	14.9646
560	518	21.4611
56	497	4.81575
203	288	21.8218
483	53	13.6861
387	644	29.1412
15	176	20.0255
459	259	24.4295
532	165	13.2887
374	305	21.04
474	1	14.322
339	38	33.8819
385	528	27.9095
133	404	18.5039
514	456	22.6832
621	588	23.0432
30	37	19.5804
161	194	0.657652
104	472	8.14319
1e-06	1e-06	1e-06	1e-06	1e-06	1e-06	1e-06	1e-06	1e-06	1e-06	1e-06	1e-06	1e-06	1e-06	1e-06	1e-06	1e-06	1e-06	1e-06	1e-06	1e-06	1e-06	1e-06	1e-06	1e-06	1e-06
100000	100000	100000	100000	100000	100000	100000	100000	100000	100000	100000	100000	100000	100000	100000	100000	100000	100000	100000	100000	100000	100000	100000	100000	100000	100000
