26
23	594
383	572
448	372	7.17849
375	361	9.31106
562	577	11.691
24	124	5.78198
309	89	3.47429
519	332	13.3371
369	671	16.8873
616	42	29.5674
477	496	9.87262
327	81	3.16058
128	404	9.05847
430	430	11.2414
266	426	22.1867
658	555	5.33431
62	83	5.96853
292	49	5.19145
617	282	9.90387
180	347	13.2046
648	500	3.47677
468	20	17.0863
41	517	6.34317
57	486	6.80044
542	248	12.6258
640	528	4.07827
158	80	12.8944
27	26	7.01772
1e-06	1e-06	1e-06	1e-06	1e-06	1e-06	1e-06	1e-06	1e-06	1e-06	1e-06	1e-06	1e-06	1e-06	1e-06	1e-06	1e-06	1e-06	1e-06	1e-06	1e-06	1e-06	1e-06	1e-06	1e-06	1e-06
100000	100000	100000	100000	100000	100000	100000	100000	100000	100000	100000	100000	100000	100000	100000	100000	100000	100000	100000	100000	100000	100000	100000	100000	100000	100000
