22	5
65	46
332	221
18	20	0.368576
17	21	0.206493
19	24	0.171284
19	23	0.161706
17	28	1.69211
422	235	0.729378
429	235	1.07518
423	233	0.221829
427	233	0.152562
428	225	2.73708
270	411	1.74727
268	419	1.20771
264	416	0.969906
274	419	1.34762
6	390	3.52634
4	398	0.243787
-4	396	0.953835
-4	399	0.234984
203	193	0.894535
203	198	0.810428
207	195	0.767598
199	196	0.888316
0.38401	0.335264	0.459432	0.457694	0.431139	0.320124	0.465908	0.499993	0.478192	0.417825	0.306591	0.345846	0.494537	0.318204	0.32237	0.446347	0.4034	0.451368	0.30884	0.399198	0.338227	0.44788
0.588539	0.594491	0.509596	0.525184	0.495988	0.474385	0.561267	0.475502	0.57172	0.510337	0.41327	0.503266	0.55657	0.511378	0.420364	0.43687	0.514178	0.510433	0.550883	0.511813	0.463985	0.592232
