22	5
263	421
266	25
281	208	0.247846
285	201	1.50958
282	209	0.341564
284	207	0.675946
287	206	0.49609
179	437	0.649263
183	437	0.311747
180	439	0.222456
182	440	0.633977
187	434	1.46282
35	233	0.31583
34	234	0.245847
41	238	0.222113
42	237	0.288746
142	20	1.43518
138	24	1.16599
137	20	0.516893
144	23	0.286271
417	390	2.72341
408	387	1.30037
416	382	0.891564
412	383	0.919216
0.337573	0.34897	0.480889	0.349968	0.386345	0.482874	0.316286	0.432375	0.446258	0.331342	0.333315	0.355024	0.467412	0.360798	0.434586	0.448351	0.389781	0.302848	0.462123	0.384228	0.329481	0.312273
0.57393	0.553409	0.509921	0.591386	0.507069	0.476248	0.568425	0.532794	0.540776	0.468771	0.497838	0.40136	0.44413	0.455917	0.50598	0.49626	0.416507	0.463586	0.55916	0.56028	0.440658	0.419849
