22	5
134	229
256	59
219	210	0.172881
213	211	2.35823
216	205	0.197311
217	205	0.204766
220	206	1.2965
337	411	1.77757
338	418	0.785863
337	416	0.150305
341	417	0.674733
343	414	1.03561
37	28	0.151279
39	32	0.150213
33	27	1.4441
39	36	1.58427
23	434	1.21698
26	434	0.209151
20	441	0.44262
21	442	0.151945
360	41	2.4691
355	36	0.237012
355	37	0.188378
350	40	2.01421
0.486282	0.326882	0.304422	0.325132	0.425333	0.459845	0.396507	0.461174	0.309497	0.48575	0.461265	0.418719	0.367	0.385556	0.445791	0.337692	0.439063	0.312803	0.457227	0.352615	0.367457	0.409088
0.409198	0.582401	0.539003	0.46151	0.553211	0.471351	0.432852	0.44545	0.546742	0.420062	0.513227	0.473352	0.576129	0.466521	0.547681	0.520594	0.546779	0.582788	0.418904	0.586765	0.557028	0.419238
