22	5
10	120
111	252
364	415	0.18391
371	410	2.09649
371	416	0.150816
362	416	0.680031
364	414	0.208141
82	25	1.60214
80	20	0.193933
81	18	0.223342
83	17	0.529249
77	18	1.19523
55	359	0.773686
55	356	0.223789
53	354	0.859893
61	356	2.05714
444	33	2.5776
435	39	0.807512
435	33	0.192533
435	32	0.181374
229	199	1.03438
231	196	0.198486
228	190	2.25288
234	198	1.02812
0.47201	0.30236	0.435649	0.387443	0.425838	0.48079	0.397631	0.387074	0.386085	0.306125	0.440747	0.42928	0.457589	0.339431	0.467968	0.482463	0.373434	0.428606	0.485502	0.397569	0.401314	0.473795
0.411255	0.469478	0.517874	0.414776	0.477515	0.481605	0.567917	0.571877	0.565701	0.542795	0.514526	0.552907	0.543592	0.406515	0.526211	0.585352	0.444282	0.452679	0.446111	0.556879	0.586387	0.529114
