15	3
41	189
119	100
267	296	0.655055
266	291	0.841449
269	297	0.212483
272	291	1.6697
268	288	0.403409
104	33	0.435035
107	33	0.685969
110	31	0.30886
105	31	0.431659
111	30	0.231102
9	288	1.1913
2	294	0.282853
2	291	0.617343
7	292	0.268184
3	293	0.294152
0.374145	0.482769	0.356683	0.432308	0.364951	0.380969	0.3502	0.302158	0.422362	0.359493	0.477965	0.437455	0.44884	0.412278	0.389238
0.510717	0.511182	0.503081	0.486766	0.512118	0.560951	0.57521	0.47187	0.514836	0.598673	0.56895	0.519759	0.481258	0.508569	0.44676
