15	3
11	94
258	245
49	211	0.497912
53	203	0.403783
51	202	0.494056
47	211	0.375305
48	206	1.27879
253	235	0.452003
259	236	0.863258
259	241	1.23396
252	240	1.29444
250	234	0.917654
41	34	2.14148
38	24	1.18644
35	27	0.35736
31	32	1.67998
32	25	1.09173
0.376762	0.347623	0.429293	0.384579	0.423766	0.333268	0.398428	0.467397	0.37253	0.404209	0.391838	0.409792	0.470615	0.474316	0.368774
0.510256	0.483837	0.565231	0.504764	0.44332	0.42933	0.421462	0.510355	0.420684	0.551151	0.479023	0.579982	0.522422	0.514838	0.504657
