15	3
69	291
99	130
26	142	0.7727
23	140	0.59292
25	137	0.166968
25	133	1.28767
26	139	0.50813
213	10	0.2468
214	13	0.977304
214	9	0.405852
211	14	0.223763
210	14	0.195048
209	259	0.203555
201	258	0.17752
201	257	0.151061
208	257	0.615938
206	263	1.53082
0.472051	0.445453	0.468876	0.35903	0.396402	0.419843	0.402161	0.373472	0.445139	0.314918	0.451258	0.302558	0.460134	0.428855	0.433221
0.440122	0.505454	0.450106	0.512838	0.546483	0.587369	0.480626	0.465201	0.461141	0.5497	0.498855	0.517678	0.564235	0.500239	0.526599
