15	3
151	112
69	282
123	6	1.36701
132	9	2.0348
129	4	0.246159
128	4	0.231606
126	8	0.204225
295	79	0.439262
298	77	0.820186
296	86	1.82092
295	81	0.297127
303	81	1.27884
295	283	0.386596
297	288	1.26263
290	281	1.22775
296	284	0.226172
290	285	0.249721
0.413301	0.386824	0.404106	0.370549	0.352031	0.354774	0.409025	0.383313	0.478994	0.455371	0.362569	0.342212	0.480357	0.421297	0.418483
0.501333	0.555467	0.464496	0.556378	0.565656	0.530163	0.542106	0.435325	0.567753	0.554448	0.52777	0.419322	0.533917	0.456498	0.596254
