15	3
211	165
242	184
260	296	0.282094
261	299	0.236953
266	291	2.19212
257	300	1.14967
260	298	0.351625
0	163	0.228956
4	162	1.2103
1	168	0.216123
-3	167	1.12958
2	170	0.706277
72	9	0.241143
69	9	0.744744
71	14	1.17535
76	16	1.10001
73	17	0.252513
0.458702	0.418893	0.354457	0.402232	0.370737	0.377021	0.35381	0.47698	0.470777	0.38446	0.438471	0.488256	0.409918	0.472655	0.3093
0.45931	0.545117	0.444324	0.454476	0.540371	0.447368	0.440956	0.490857	0.436034	0.539944	0.464794	0.455615	0.484105	0.561627	0.457934
