15	3
35	92
212	180
103	248	0.214747
113	251	0.240673
108	251	1.39353
103	246	0.567369
113	252	0.237137
132	47	0.658742
128	45	1.26094
127	49	0.353466
134	51	1.33803
129	51	0.592848
302	9	0.230899
300	8	0.665325
294	4	1.63855
294	9	0.232648
303	10	0.327666
0.411618	0.436819	0.308565	0.383922	0.416997	0.332787	0.315475	0.367358	0.417907	0.470672	0.409925	0.447936	0.424153	0.430904	0.480784
0.428392	0.544334	0.433777	0.469876	0.419434	0.577669	0.408666	0.581216	0.453857	0.492056	0.537584	0.422712	0.599197	0.484578	0.551231
