15	3
175	154
258	160
296	231	0.732705
290	227	1.01284
293	225	0.382618
293	232	0.486024
291	232	0.412496
225	43	0.521097
230	43	0.473434
232	42	0.456412
232	46	0.793723
224	45	0.341906
21	0	0.311229
20	6	0.677802
19	-1	0.576066
20	9	0.336586
24	2	1.10408
0.30618	0.372395	0.370491	0.385458	0.443594	0.464731	0.477546	0.352022	0.464674	0.463795	0.447461	0.343596	0.493268	0.385981	0.366262
0.576674	0.580346	0.545588	0.455537	0.503282	0.544524	0.514446	0.551789	0.590305	0.562795	0.588405	0.40333	0.513418	0.406209	0.416414
