15	3
236	185
257	39
165	176	2.66977
156	172	0.177606
156	173	0.187459
158	179	0.203392
156	180	0.596039
286	275	0.487311
292	276	1.70644
286	278	0.770267
287	280	0.216623
286	281	0.42047
146	19	0.21795
139	17	1.4824
149	15	1.56422
147	19	0.164411
141	13	0.170034
0.444662	0.474847	0.322956	0.348788	0.44462	0.325778	0.422888	0.486262	0.388529	0.452704	0.320971	0.434492	0.445156	0.478023	0.446419
0.441695	0.425515	0.547865	0.537556	0.47885	0.561982	0.586063	0.440533	0.466461	0.401133	0.425629	0.478021	0.567638	0.509024	0.552782
