18
166	248
95	79
34	210	1.90181
188	6	11.3274
302	255	10.5062
43	251	3.94992
80	288	2.09775
59	282	2.71665
60	321	6.48051
47	170	6.31525
159	309	3.69625
204	143	7.17275
217	196	4.11398
24	291	4.71714
26	193	1.15852
306	87	19.2293
132	21	2.19704
315	179	1.95892
140	330	2.30612
100	60	5.43169
0.423984	0.463592	0.348236	0.304679	0.355186	0.470161	0.342233	0.413185	0.432296	0.407746	0.387618	0.330844	0.323281	0.475708	0.44453	0.476039	0.316888	0.445885
0.419697	0.486295	0.507726	0.428757	0.451872	0.495069	0.508001	0.502272	0.506288	0.432898	0.499066	0.565227	0.483287	0.497086	0.474789	0.475664	0.484289	0.501725
