18
287	179
233	315
187	154	3.14775
277	59	4.83315
286	247	12.4227
116	267	10.3252
294	66	4.59101
120	306	11.1511
175	239	14.8588
82	79	7.81386
110	86	6.14806
75	182	15.2319
61	307	15.4191
239	279	10.4658
47	70	9.78011
172	175	5.30643
181	144	3.05446
171	293	15.0514
274	103	12.1709
11	145	21.7497
1e-06	1e-06	1e-06	1e-06	1e-06	1e-06	1e-06	1e-06	1e-06	1e-06	1e-06	1e-06	1e-06	1e-06	1e-06	1e-06	1e-06	1e-06
100000	100000	100000	100000	100000	100000	100000	100000	100000	100000	100000	100000	100000	100000	100000	100000	100000	100000
