18
271	169
355	335
117	63	7.96369
135	360	4.27451
172	118	0.410377
175	117	0.284351
108	98	2.57277
295	16	21.0646
253	161	4.28723
18	144	0.5378
58	196	12.3395
24	84	11.9272
184	171	14.5211
125	127	4.86602
335	286	9.03221
270	154	0.9922
141	96	1.41655
337	172	6.8176
119	219	0.797763
9	356	17.9078
0.471169	0.341549	0.370363	0.301435	0.462103	0.361066	0.330055	0.307883	0.46006	0.439443	0.385287	0.351122	0.416877	0.494879	0.483917	0.455531	0.460761	0.428216
0.419968	0.469666	0.519229	0.512973	0.584033	0.55931	0.459371	0.563286	0.459495	0.43136	0.439062	0.555402	0.572473	0.545593	0.480876	0.450379	0.546972	0.491253
