18
71	330
267	277
222	111	0.193996
170	315	0.066063
287	294	6.99058
104	313	0.0799837
103	313	0.0922955
316	67	0.100376
169	309	1.42982
147	100	6.77247
72	324	0.658276
217	61	5.11376
295	256	3.1893
1	284	9.58587
338	5	12.5259
198	355	7.4449
125	24	8.51108
19	129	10.321
81	254	9.70892
18	232	0.527408
1e-06	1e-06	1e-06	1e-06	1e-06	1e-06	1e-06	1e-06	1e-06	1e-06	1e-06	1e-06	1e-06	1e-06	1e-06	1e-06	1e-06	1e-06
100000	100000	100000	100000	100000	100000	100000	100000	100000	100000	100000	100000	100000	100000	100000	100000	100000	100000
