18
31	55
173	110
47	127	5.90316
7	152	3.36856
158	20	4.3137
101	150	4.3608
171	43	0.963691
204	270	4.83565
33	275	17.7215
177	64	4.6271
179	100	2.36887
338	169	1.52977
269	213	6.7437
328	319	10.7115
277	349	3.35342
42	12	9.66826
106	35	3.56904
336	147	4.43079
183	205	7.55862
269	312	3.68964
0.40705	0.496865	0.320124	0.320053	0.499118	0.448716	0.475155	0.328436	0.303133	0.484905	0.386777	0.442027	0.347361	0.373316	0.340215	0.420634	0.376453	0.428284
0.449458	0.52607	0.569914	0.404587	0.539517	0.560493	0.5778	0.501855	0.417337	0.470695	0.598372	0.545875	0.504188	0.58326	0.556377	0.513818	0.482011	0.498661
