18
210	280
77	162
29	331	9.69746
104	334	0.858797
302	337	1.17461
238	76	4.43468
289	128	1.23224
155	278	9.59981
14	97	6.33797
352	359	6.07992
305	30	0.709955
29	129	0.451951
185	357	1.09029
69	200	5.12352
274	343	2.79018
320	151	5.03487
281	131	1.16394
349	2	11.8909
220	347	7.83314
296	74	6.1921
1e-06	1e-06	1e-06	1e-06	1e-06	1e-06	1e-06	1e-06	1e-06	1e-06	1e-06	1e-06	1e-06	1e-06	1e-06	1e-06	1e-06	1e-06
100000	100000	100000	100000	100000	100000	100000	100000	100000	100000	100000	100000	100000	100000	100000	100000	100000	100000
