18
277	129
221	51
253	320	5.24096
278	156	1.7989
6	127	4.64777
276	107	5.62177
15	81	1.47102
260	34	2.61828
285	55	1.78958
125	326	1.7957
87	75	2.50798
85	164	10.1791
131	358	6.09687
283	168	1.22559
244	355	0.916342
12	26	11.0594
180	57	8.52311
145	39	0.700912
56	317	17.6078
123	95	6.03518
0.363084	0.330761	0.340522	0.458023	0.44127	0.469203	0.488707	0.376776	0.420524	0.485743	0.490627	0.308546	0.380449	0.364751	0.323121	0.422242	0.34505	0.389142
0.452526	0.467384	0.455583	0.472164	0.401213	0.489608	0.424946	0.555084	0.491609	0.511762	0.478445	0.503906	0.410091	0.422656	0.583049	0.512314	0.599055	0.447499
