18
336	133
33	248
84	40	0.255336
317	286	0.195272
268	168	2.17527
80	317	9.61292
121	358	0.256945
284	159	0.184965
117	3	9.75912
6	152	23.8035
319	289	0.481919
106	149	2.60829
259	65	0.743923
154	355	8.80696
267	78	2.73616
327	83	6.75768
3	343	12.1425
38	292	4.0942
115	102	7.99782
255	71	0.357961
1e-06	1e-06	1e-06	1e-06	1e-06	1e-06	1e-06	1e-06	1e-06	1e-06	1e-06	1e-06	1e-06	1e-06	1e-06	1e-06	1e-06	1e-06
100000	100000	100000	100000	100000	100000	100000	100000	100000	100000	100000	100000	100000	100000	100000	100000	100000	100000
