18
343	350
34	205
113	67	2.34818
195	102	2.27534
48	24	17.0633
106	260	8.40985
180	300	5.80857
237	300	5.28282
141	50	1.81799
173	46	5.57113
143	135	13.2838
310	251	18.3076
278	112	20.7102
18	283	1.70281
49	317	6.26408
125	33	2.41801
141	72	3.15574
332	339	1.6555
21	241	7.29988
74	213	3.1833
0.373985	0.419718	0.428026	0.311791	0.441108	0.484316	0.434261	0.449733	0.410331	0.347828	0.355661	0.457413	0.338207	0.350043	0.428014	0.499767	0.382033	0.335298
0.472206	0.415424	0.543095	0.58372	0.497712	0.555764	0.457211	0.506725	0.584046	0.531365	0.472309	0.400877	0.417832	0.480886	0.446364	0.560331	0.448948	0.527199
