18
187	17
320	97
183	287	7.66361
49	17	25.8365
175	33	4.97424
21	315	32.1887
279	165	8.54097
322	59	9.3555
206	67	9.64528
147	299	7.75153
172	224	15.0617
153	273	5.81254
124	102	9.3516
302	23	10.0349
127	67	7.95048
240	124	11.7524
35	110	18.437
20	170	13.8758
221	261	11.9328
247	172	7.9256
1e-06	1e-06	1e-06	1e-06	1e-06	1e-06	1e-06	1e-06	1e-06	1e-06	1e-06	1e-06	1e-06	1e-06	1e-06	1e-06	1e-06	1e-06
100000	100000	100000	100000	100000	100000	100000	100000	100000	100000	100000	100000	100000	100000	100000	100000	100000	100000
