18
287	298
160	188
244	184	18.2808
222	108	9.48862
229	80	5.80763
18	22	12.2429
307	116	30.2124
104	165	7.71083
84	154	8.43541
67	257	21.5964
102	199	13.6197
232	64	5.31334
69	178	9.79595
3	306	29.4283
122	286	20.9044
290	222	15.6066
38	93	15.6181
269	262	13.5026
90	94	18.0403
11	61	12.4031
1e-06	1e-06	1e-06	1e-06	1e-06	1e-06	1e-06	1e-06	1e-06	1e-06	1e-06	1e-06	1e-06	1e-06	1e-06	1e-06	1e-06	1e-06
100000	100000	100000	100000	100000	100000	100000	100000	100000	100000	100000	100000	100000	100000	100000	100000	100000	100000
