18
28	257
31	187
221	332	25.9091
132	324	26.1052
53	334	25.3315
61	291	2.36359
246	78	28.3454
166	119	2.78805
53	286	2.43554
258	126	3.10718
137	157	26.0457
52	238	16.196
130	55	33.3249
289	262	2.87967
20	100	27.3615
16	176	11.7342
350	319	49.7153
72	73	3.14968
42	6	25.4897
272	351	3.02845
1e-06	1e-06	1e-06	1e-06	1e-06	1e-06	1e-06	1e-06	1e-06	1e-06	1e-06	1e-06	1e-06	1e-06	1e-06	1e-06	1e-06	1e-06
100000	100000	100000	100000	100000	100000	100000	100000	100000	100000	100000	100000	100000	100000	100000	100000	100000	100000
