18
97	217
259	61
211	162	1.73145
213	360	13.958
274	308	1.13658
147	107	6.58891
1	43	9.99705
242	248	16.6912
17	308	4.7401
323	5	1.3286
64	55	0.960707
190	301	1.56116
207	70	2.90657
96	266	6.56199
203	151	1.84527
174	29	5.73737
6	283	1.42905
354	7	2.61566
326	311	6.82119
329	41	6.95568
1e-06	1e-06	1e-06	1e-06	1e-06	1e-06	1e-06	1e-06	1e-06	1e-06	1e-06	1e-06	1e-06	1e-06	1e-06	1e-06	1e-06	1e-06
100000	100000	100000	100000	100000	100000	100000	100000	100000	100000	100000	100000	100000	100000	100000	100000	100000	100000
