18
356	241
31	197
79	102	10.1984
242	31	54.3559
266	309	5.60425
203	270	38.9279
267	345	15.3513
111	80	13.5938
360	73	11.4219
52	30	12.8664
349	125	18.6998
155	148	4.57196
144	160	5.27376
97	27	13.5444
75	47	5.15643
254	153	9.82487
73	66	6.17127
12	345	98.2076
106	119	10.9216
153	202	19.4325
1e-06	1e-06	1e-06	1e-06	1e-06	1e-06	1e-06	1e-06	1e-06	1e-06	1e-06	1e-06	1e-06	1e-06	1e-06	1e-06	1e-06	1e-06
100000	100000	100000	100000	100000	100000	100000	100000	100000	100000	100000	100000	100000	100000	100000	100000	100000	100000
