17
174	146
268	259
214	50	6.03287
331	9	15.2082
159	253	16.8969
240	192	2.39396
127	121	2.55642
56	31	7.00154
208	148	4.57039
330	282	11.6438
29	78	0.538584
10	157	9.48582
279	251	0.500314
88	147	6.12838
169	144	1.00318
331	194	1.81805
237	41	0.506829
36	95	3.26111
337	182	0.669018
0.304677	0.414347	0.482898	0.398123	0.486598	0.371848	0.356169	0.48392	0.327399	0.410742	0.486027	0.409628	0.318035	0.473438	0.362602	0.381091	0.340229
0.570141	0.558055	0.501143	0.419429	0.542851	0.402154	0.471815	0.514499	0.568575	0.530795	0.587119	0.546127	0.439553	0.447737	0.442224	0.460718	0.571542
