17
200	333
88	31
119	0	2.3311
135	312	4.30133
80	294	5.00125
287	296	18.8874
112	48	5.3536
297	113	12.8113
50	316	2.02541
162	266	3.46056
208	172	4.59505
167	309	2.56629
326	216	3.16636
204	216	2.58965
132	237	6.19331
241	148	1.45224
75	2	8.64981
181	227	1.73055
278	209	5.15467
0.472052	0.39586	0.48676	0.327782	0.358072	0.335168	0.463187	0.364899	0.479122	0.413853	0.426365	0.462524	0.356964	0.30427	0.365676	0.330582	0.470604
0.443449	0.574608	0.462398	0.49935	0.446265	0.560842	0.415072	0.433753	0.534776	0.471343	0.57044	0.405832	0.480217	0.448721	0.416034	0.495335	0.487414
