17
214	89
4	103
79	58	1.80072
227	123	2.19279
88	284	3.57339
281	87	8.18643
182	45	14.7083
29	324	9.87776
19	126	5.15648
50	45	4.22352
195	321	12.8296
67	99	6.75181
244	268	2.16769
202	107	2.5362
299	219	9.44441
20	246	10.935
232	104	2.15987
276	130	0.863631
242	118	1.91827
0.357113	0.335289	0.488003	0.426614	0.393777	0.400999	0.33915	0.444163	0.337159	0.336275	0.460016	0.415771	0.47766	0.350943	0.328478	0.3445	0.332356
0.581732	0.593052	0.432873	0.425819	0.497533	0.552518	0.440053	0.478032	0.575884	0.557138	0.442188	0.452725	0.413131	0.464486	0.521472	0.524688	0.530726
