17
142	265
112	236
170	323	1.25954
187	124	1.58707
191	158	1.12464
0	76	3.83986
292	285	15.9482
208	183	5.95402
11	41	0.59687
253	6	36.2865
149	277	2.53029
31	195	11.0216
312	196	0.623355
176	307	1.10531
140	334	7.70523
181	320	1.59551
97	92	7.76285
7	240	1.54104
110	39	1.07524
0.444863	0.411003	0.421733	0.408412	0.460446	0.300455	0.349718	0.47406	0.419099	0.39623	0.336441	0.355583	0.37966	0.419055	0.418772	0.43044	0.488757
0.419593	0.476289	0.475765	0.474339	0.424894	0.591223	0.434399	0.50731	0.563878	0.425768	0.55546	0.584782	0.458125	0.521714	0.405077	0.576477	0.504114
