17
286	46
234	218
315	22	4.72265
107	318	1.44263
171	335	11.3407
213	305	2.14091
277	282	2.16588
211	23	2.94537
11	328	22.7871
217	162	8.76929
136	247	3.2938
144	223	1.6423
172	241	6.33192
275	165	2.68471
313	336	11.7719
222	70	10.7085
78	8	11.2626
44	64	2.49441
265	34	3.0468
0.39938	0.390963	0.384244	0.411458	0.470996	0.38972	0.476756	0.416747	0.326466	0.451756	0.321565	0.371667	0.439159	0.483409	0.400885	0.371334	0.466562
0.586504	0.598258	0.473681	0.407403	0.479158	0.490084	0.574445	0.536822	0.550812	0.560346	0.431162	0.450704	0.50854	0.441278	0.454496	0.501808	0.442853
