17
17	289
30	236
268	65	13.9593
136	192	10.1812
91	255	3.93905
118	251	3.45906
275	186	0.840211
276	179	1.30698
224	228	4.77271
17	242	2.28103
146	262	3.40839
219	165	4.86074
77	101	8.99223
26	199	4.75173
216	12	9.03849
120	78	5.33129
186	67	6.49525
16	169	5.46449
200	194	5.07368
1e-06	1e-06	1e-06	1e-06	1e-06	1e-06	1e-06	1e-06	1e-06	1e-06	1e-06	1e-06	1e-06	1e-06	1e-06	1e-06	1e-06
100000	100000	100000	100000	100000	100000	100000	100000	100000	100000	100000	100000	100000	100000	100000	100000	100000
