17
34	85
21	207
175	5	9.59854
235	212	10.0147
261	239	0.779082
248	254	4.39812
107	79	14.4228
264	240	0.869283
44	141	7.05729
206	117	10.7975
215	9	10.2252
163	243	4.64251
261	86	13.2257
32	164	7.73928
62	98	6.25011
183	145	7.79377
150	257	4.63733
100	244	11.9718
234	147	9.01141
1e-06	1e-06	1e-06	1e-06	1e-06	1e-06	1e-06	1e-06	1e-06	1e-06	1e-06	1e-06	1e-06	1e-06	1e-06	1e-06	1e-06
100000	100000	100000	100000	100000	100000	100000	100000	100000	100000	100000	100000	100000	100000	100000	100000	100000
