17
74	0
150	214
157	234	1.10976
48	18	6.50359
5	39	4.57595
69	139	9.97457
157	242	1.1832
315	328	0.585348
102	181	0.567218
297	231	11.1514
106	197	2.84992
316	337	1.47163
139	69	9.93064
334	102	13.5759
244	167	1.43776
115	270	10.7182
269	31	9.09237
314	309	1.09189
260	137	5.15262
1e-06	1e-06	1e-06	1e-06	1e-06	1e-06	1e-06	1e-06	1e-06	1e-06	1e-06	1e-06	1e-06	1e-06	1e-06	1e-06	1e-06
100000	100000	100000	100000	100000	100000	100000	100000	100000	100000	100000	100000	100000	100000	100000	100000	100000
