17
337	146
315	1
305	252	1.10497
58	197	10.0217
250	268	13.0497
59	31	0.843791
320	130	3.93117
311	219	2.98263
71	23	2.54219
226	130	5.12743
143	263	0.571259
119	339	5.59146
213	52	3.68898
130	213	6.73929
54	284	10.3941
167	280	2.86679
296	44	10.6569
70	333	2.14668
53	32	0.558
0.458158	0.459491	0.475662	0.363219	0.456771	0.383265	0.465741	0.335454	0.366947	0.4953	0.336242	0.471027	0.387381	0.478675	0.472759	0.442239	0.368255
0.551279	0.551894	0.411792	0.474997	0.557053	0.501778	0.443269	0.509046	0.522783	0.444205	0.552397	0.436029	0.491477	0.589265	0.485521	0.461903	0.443803
