17
201	178
339	326
268	211	2.93274
225	20	12.0504
167	111	0.631422
195	149	0.824034
171	250	2.6787
32	169	15.0242
266	195	1.03228
295	157	2.36136
149	33	1.20558
190	240	2.66865
136	18	2.55668
123	176	1.48807
240	133	11.4972
315	150	1.60023
246	326	26.2672
168	99	0.847751
151	174	4.86562
0.484582	0.36269	0.381726	0.49289	0.33943	0.489599	0.31859	0.48446	0.422749	0.386262	0.471186	0.486751	0.357104	0.449234	0.49061	0.3485	0.471904
0.576788	0.419287	0.425377	0.494781	0.568571	0.540759	0.465021	0.517668	0.413972	0.4022	0.599663	0.400212	0.59241	0.564306	0.476196	0.514252	0.440532
