17
149	116
95	231
334	158	13.6883
266	265	24.4525
1	325	76.1653
196	231	27.6423
78	184	19.8878
279	150	19.2298
221	273	5.22492
221	164	1.61543
57	152	1.28074
11	29	83.9571
224	160	1.6442
333	308	19.9737
198	27	31.1459
242	102	16.5098
321	338	1.52738
83	229	1.34473
270	215	7.7317
1e-06	1e-06	1e-06	1e-06	1e-06	1e-06	1e-06	1e-06	1e-06	1e-06	1e-06	1e-06	1e-06	1e-06	1e-06	1e-06	1e-06
100000	100000	100000	100000	100000	100000	100000	100000	100000	100000	100000	100000	100000	100000	100000	100000	100000
