17
48	264
251	51
100	296	5.38063
37	282	5.00467
214	20	13.1043
294	165	13.6231
191	115	3.74812
34	49	13.7436
41	128	7.58351
88	103	1.72048
178	227	6.08918
111	118	5.47396
234	242	2.52961
22	198	10.5949
219	233	0.804065
208	145	2.13534
70	315	1.62444
52	249	3.34957
65	93	2.27073
0.395726	0.4365	0.399585	0.417762	0.402432	0.418723	0.4116	0.485454	0.44028	0.423262	0.422827	0.358375	0.31143	0.323185	0.417619	0.399098	0.460216
0.582103	0.513448	0.520966	0.559399	0.432121	0.502781	0.502225	0.444329	0.450567	0.497227	0.407187	0.405479	0.478559	0.421147	0.516152	0.46957	0.429827
