17
256	41
220	272
90	21	0.304818
105	6	2.92558
69	254	5.20837
177	136	4.06553
312	289	5.11105
308	153	2.83251
255	179	10.407
288	258	0.197288
112	270	0.726962
218	149	3.01778
80	289	0.334884
78	288	0.194903
136	182	7.52394
107	267	0.129782
61	57	11.6364
234	113	8.39403
320	60	16.134
0.487752	0.409492	0.329535	0.31963	0.400276	0.406172	0.383438	0.369977	0.322365	0.32794	0.487683	0.416295	0.433186	0.473236	0.394661	0.493299	0.463705
0.55849	0.544314	0.521004	0.538301	0.53554	0.539517	0.571531	0.532911	0.493713	0.573666	0.526542	0.591431	0.458173	0.548406	0.517992	0.50209	0.573971
