17
333	304
198	243
4	16	0.23396
321	167	6.26659
229	150	1.42711
194	68	1.9019
223	142	0.450384
186	93	2.30311
11	78	4.78237
96	287	27.5262
194	334	0.454
229	208	13.1416
196	111	1.12613
195	337	0.43676
221	37	4.52746
22	20	4.37065
280	186	0.265925
40	139	10.2931
158	42	5.53422
0.377393	0.455107	0.378015	0.396826	0.458797	0.453317	0.470768	0.492947	0.420016	0.395337	0.476978	0.420004	0.401256	0.322357	0.344193	0.43289	0.367141
0.463695	0.592963	0.533687	0.404674	0.478309	0.45643	0.541976	0.560843	0.480559	0.455149	0.573567	0.437822	0.444501	0.490793	0.525513	0.536589	0.592103
