19
351	195
8	72
325	346	9.67297
65	268	10.4183
295	136	17.2672
98	65	13.2566
159	124	8.14174
57	218	11.2065
178	144	7.38621
24	294	8.31872
179	191	9.43384
239	203	17.3047
13	92	4.68109
115	329	14.4734
308	56	21.4749
199	88	4.30016
112	12	15.4709
284	345	12.0174
6	317	8.06832
214	76	5.74586
148	276	13.542
1e-06	1e-06	1e-06	1e-06	1e-06	1e-06	1e-06	1e-06	1e-06	1e-06	1e-06	1e-06	1e-06	1e-06	1e-06	1e-06	1e-06	1e-06	1e-06
100000	100000	100000	100000	100000	100000	100000	100000	100000	100000	100000	100000	100000	100000	100000	100000	100000	100000	100000
