19
377	62
177	319
206	60	38.5144
173	190	29.7856
90	101	38.152
1	172	15.8268
224	315	20.776
349	357	13.1777
174	261	6.72074
301	119	30.1318
146	327	16.4452
272	318	6.6779
2	301	29.6745
36	239	13.9144
305	276	29.5538
175	299	9.38049
40	184	6.01898
93	282	26.6203
50	165	7.65888
290	363	23.9621
370	36	13.4881
1e-06	1e-06	1e-06	1e-06	1e-06	1e-06	1e-06	1e-06	1e-06	1e-06	1e-06	1e-06	1e-06	1e-06	1e-06	1e-06	1e-06	1e-06	1e-06
100000	100000	100000	100000	100000	100000	100000	100000	100000	100000	100000	100000	100000	100000	100000	100000	100000	100000	100000
