19
47	204
116	143
200	253	6.92219
217	184	6.41058
214	137	5.3632
212	282	0.709222
295	114	4.89302
301	170	4.97787
256	150	4.50666
334	250	13.6278
112	206	4.36907
223	374	21.376
229	15	3.61446
253	35	1.92906
295	288	1.99651
276	192	1.71851
22	326	8.31011
138	163	1.09312
44	286	1.28634
290	192	1.25294
133	125	5.15642
0.37517	0.478701	0.483527	0.444581	0.343577	0.431992	0.416412	0.474999	0.322184	0.426659	0.373603	0.349534	0.346764	0.396864	0.34219	0.393153	0.438161	0.372644	0.320094
0.564081	0.4918	0.481379	0.539057	0.577654	0.504586	0.572695	0.464915	0.512496	0.522243	0.539614	0.560871	0.518927	0.483141	0.532492	0.59964	0.466008	0.546206	0.42668
