19
335	15
234	34
211	334	28.2007
350	54	25.2289
205	178	26.1106
62	164	39.3605
52	324	13.0672
336	322	9.37362
285	274	28.3741
59	285	8.3197
209	254	20.5025
4	270	26.0079
139	200	16.1699
318	185	15.6755
341	152	9.47877
49	57	9.06114
103	96	13.3405
354	375	23.3434
0	68	18.962
177	47	30.8029
44	29	8.54871
1e-06	1e-06	1e-06	1e-06	1e-06	1e-06	1e-06	1e-06	1e-06	1e-06	1e-06	1e-06	1e-06	1e-06	1e-06	1e-06	1e-06	1e-06	1e-06
100000	100000	100000	100000	100000	100000	100000	100000	100000	100000	100000	100000	100000	100000	100000	100000	100000	100000	100000
