19
347	235
51	284
172	308	4.0134
263	149	6.52963
272	246	12.11
277	118	0.120026
301	185	2.18617
346	246	0.100328
127	141	12.8689
186	36	0.59773
114	3	9.989
162	239	5.68303
177	190	4.23448
191	31	0.920226
49	233	6.00749
80	380	17.1685
252	24	8.33853
160	187	0.329093
301	204	0.300797
301	79	2.04133
347	246	0.100544
0.403779	0.40327	0.402475	0.333547	0.369303	0.404879	0.376171	0.392713	0.460571	0.38411	0.341162	0.410459	0.491494	0.498967	0.479895	0.333605	0.452475	0.326803	0.347502
0.587742	0.47109	0.545668	0.482644	0.580724	0.475183	0.573952	0.527569	0.584085	0.470245	0.475247	0.400544	0.589666	0.488937	0.42559	0.541246	0.542672	0.407085	0.435635
