19
185	200
242	18
289	380	7.30788
180	91	8.62754
269	83	28.8328
195	62	4.22844
70	221	3.89089
340	156	3.64599
188	16	9.66619
65	84	3.2417
217	9	8.12451
217	163	30.9265
355	145	7.49066
185	70	3.64642
1	171	49.4846
276	365	4.35485
338	212	31.3369
163	236	26.3335
194	43	6.74078
49	26	36.2142
337	6	30.7838
1e-06	1e-06	1e-06	1e-06	1e-06	1e-06	1e-06	1e-06	1e-06	1e-06	1e-06	1e-06	1e-06	1e-06	1e-06	1e-06	1e-06	1e-06	1e-06
100000	100000	100000	100000	100000	100000	100000	100000	100000	100000	100000	100000	100000	100000	100000	100000	100000	100000	100000
