19
155	127
268	94
375	85	18.0274
103	66	6.19305
377	379	9.62395
212	124	1.10569
174	23	1.74924
231	377	14.1865
55	134	3.30272
54	243	3.1569
234	130	2.25085
163	281	3.90735
58	110	2.95153
365	270	8.06417
285	14	5.68303
178	101	5.28724
199	28	1.84202
377	13	2.39705
252	30	1.39795
70	263	2.43797
77	120	1.57216
0.392515	0.46802	0.499202	0.31132	0.499079	0.454197	0.323169	0.447395	0.428837	0.484254	0.445151	0.409771	0.37236	0.499118	0.414856	0.418734	0.364647	0.409562	0.489984
0.456018	0.555532	0.46795	0.497035	0.437929	0.521917	0.574739	0.505505	0.54856	0.598711	0.406696	0.476997	0.529914	0.443751	0.57845	0.433389	0.452858	0.445695	0.493881
