19
313	221
115	165
242	359	2.76536
117	42	3.84859
364	199	8.64579
176	10	6.30913
345	94	0.243196
303	113	4.96214
54	8	5.19962
311	42	6.05195
347	96	0.308831
301	305	8.64542
279	58	1.27782
231	117	4.5453
15	204	16.0714
246	86	0.776018
375	107	5.08046
142	378	16.8146
98	32	0.334133
137	226	12.7039
2	263	0.379332
0.374046	0.404983	0.470247	0.303796	0.387597	0.473076	0.323356	0.376849	0.384417	0.304103	0.398193	0.368662	0.331339	0.473137	0.40288	0.324779	0.392223	0.361821	0.494638
0.599169	0.489533	0.518031	0.563099	0.554315	0.580619	0.518083	0.520107	0.461679	0.427974	0.52017	0.42963	0.569278	0.472534	0.564184	0.543987	0.49206	0.491632	0.499155
