19
290	361
214	207
84	145	3.94331
295	184	4.7941
346	213	0.740661
342	349	8.29745
326	58	20.7321
34	232	1.70662
160	145	7.5734
16	261	4.62328
117	53	13.671
50	69	2.40824
312	195	0.761143
0	177	7.3372
226	182	6.98804
118	154	0.333023
334	246	7.56946
218	60	0.43793
166	79	0.412771
341	214	0.54746
38	69	0.639354
1e-06	1e-06	1e-06	1e-06	1e-06	1e-06	1e-06	1e-06	1e-06	1e-06	1e-06	1e-06	1e-06	1e-06	1e-06	1e-06	1e-06	1e-06	1e-06
100000	100000	100000	100000	100000	100000	100000	100000	100000	100000	100000	100000	100000	100000	100000	100000	100000	100000	100000
