19
114	286
220	135
124	112	11.1166
269	15	21.5178
160	7	3.62914
242	242	1.73537
300	238	2.87179
343	261	6.25429
148	348	2.79753
13	353	13.55
134	361	2.44681
219	111	1.56194
289	362	12.3644
197	265	10.5556
249	178	6.19305
346	78	2.45148
187	120	4.56689
290	260	1.67033
82	303	1.87571
178	43	3.2478
152	152	1.16398
0.40029	0.391341	0.378918	0.472129	0.377804	0.393841	0.434738	0.33776	0.311286	0.486611	0.300364	0.366746	0.340357	0.395257	0.407667	0.387674	0.438011	0.379075	0.474947
0.481307	0.559486	0.486929	0.590207	0.499641	0.59661	0.4378	0.50792	0.514361	0.469789	0.424403	0.427897	0.489269	0.440907	0.536482	0.499799	0.574136	0.546595	0.559833
