19
137	138
311	264
171	174	14.5512
145	277	5.4899
7	94	13.8349
40	140	5.69138
145	127	2.9618
260	258	5.9973
286	259	5.22718
276	34	15.837
43	240	14.809
65	288	11.0964
67	40	9.08285
50	121	6.07943
122	260	3.03168
104	40	8.95977
2	44	11.9603
98	126	11.5193
181	285	9.85848
202	26	16.0476
125	274	3.59975
1e-06	1e-06	1e-06	1e-06	1e-06	1e-06	1e-06	1e-06	1e-06	1e-06	1e-06	1e-06	1e-06	1e-06	1e-06	1e-06	1e-06	1e-06	1e-06
100000	100000	100000	100000	100000	100000	100000	100000	100000	100000	100000	100000	100000	100000	100000	100000	100000	100000	100000
