19
306	279
319	59
116	164	1.50608
147	149	4.92592
56	58	9.52134
90	301	0.980662
269	262	1.1969
363	227	18.9895
31	149	10.9582
168	279	18.2728
257	259	1.1556
227	379	8.654
320	149	4.08548
99	163	2.61688
236	325	1.29552
65	340	11.5357
340	153	1.07697
379	0	22.705
228	27	17.4113
333	373	6.45689
289	234	0.672767
0.347726	0.355152	0.356132	0.401397	0.352784	0.345907	0.385284	0.487897	0.391166	0.402632	0.391181	0.494715	0.420794	0.495313	0.398237	0.381736	0.34197	0.303906	0.493186
0.459552	0.576886	0.507926	0.450694	0.409953	0.468883	0.598336	0.540294	0.50053	0.418152	0.438344	0.52062	0.462457	0.511801	0.568415	0.512364	0.473513	0.432685	0.586085
