19
367	255
66	210
367	208	21.943
354	22	28.6815
262	148	13.7168
260	222	9.37597
344	169	6.91919
125	222	9.40677
250	111	7.10699
134	368	23.7736
189	347	7.38737
297	323	22.9776
168	255	23.8081
262	294	7.52741
306	181	15.0941
2	116	76.235
251	193	6.71313
193	14	55.5612
295	15	6.41097
71	274	34.5614
181	370	6.77284
0.461212	0.40643	0.459873	0.380896	0.363533	0.488174	0.341935	0.41729	0.491017	0.323861	0.455459	0.359167	0.342736	0.474088	0.320199	0.338733	0.388439	0.412489	0.428244
0.492852	0.526799	0.502504	0.506022	0.435352	0.450436	0.516272	0.42841	0.503022	0.454139	0.485911	0.452774	0.574112	0.426046	0.518617	0.510537	0.579426	0.448538	0.49324
