19
174	243
215	319
50	194	1.47724
267	147	6.08831
149	56	7.14614
333	86	7.15495
365	92	0.964163
150	133	1.94948
50	342	11.0883
129	178	7.8126
116	294	8.55291
285	248	0.935656
42	228	8.22581
290	237	1.79732
193	138	5.1329
173	343	7.57561
119	355	4.56848
58	100	6.67025
189	83	4.44329
231	111	1.45512
187	51	2.40268
0.378982	0.493505	0.458064	0.433534	0.392062	0.340922	0.383055	0.34552	0.4049	0.32438	0.42315	0.423663	0.461039	0.305939	0.431526	0.425689	0.369817	0.368476	0.311034
0.414479	0.579995	0.571967	0.408093	0.474428	0.419898	0.467322	0.46476	0.46445	0.555122	0.471486	0.45611	0.436848	0.549185	0.54686	0.586456	0.518628	0.463715	0.558827
