26
449	309
138	663
331	190	14.0962
238	81	8.02809
178	628	15.2783
324	134	9.58971
429	570	22.9332
308	668	13.2838
376	95	7.62139
609	208	17.4186
549	298	15.8539
32	491	34.4871
622	56	7.93851
608	301	12.8115
643	267	10.0424
429	474	24.5191
358	35	13.9277
298	611	16.7459
346	103	7.30407
72	68	46.2189
425	110	10.5222
242	44	7.67776
130	556	20.6985
86	281	29.2687
325	494	27.4591
521	532	26.999
657	46	10.851
214	333	36.8824
1e-06	1e-06	1e-06	1e-06	1e-06	1e-06	1e-06	1e-06	1e-06	1e-06	1e-06	1e-06	1e-06	1e-06	1e-06	1e-06	1e-06	1e-06	1e-06	1e-06	1e-06	1e-06	1e-06	1e-06	1e-06	1e-06
100000	100000	100000	100000	100000	100000	100000	100000	100000	100000	100000	100000	100000	100000	100000	100000	100000	100000	100000	100000	100000	100000	100000	100000	100000	100000
