26
460	57
386	356
109	27	15.118
224	53	4.14395
38	112	7.07003
185	81	2.68124
346	244	4.49836
212	171	3.23873
89	191	0.583599
17	63	6.04861
98	148	4.50805
156	170	4.39252
195	186	0.636109
348	444	2.65188
290	57	9.83411
161	138	1.96632
346	356	7.00167
377	238	0.900408
415	288	13.5496
397	1	21.9656
122	476	2.03502
135	482	1.46157
48	234	9.71202
189	183	0.510913
286	471	7.64381
98	502	2.80878
175	430	14.5852
187	133	2.47836
1e-06	1e-06	1e-06	1e-06	1e-06	1e-06	1e-06	1e-06	1e-06	1e-06	1e-06	1e-06	1e-06	1e-06	1e-06	1e-06	1e-06	1e-06	1e-06	1e-06	1e-06	1e-06	1e-06	1e-06	1e-06	1e-06
100000	100000	100000	100000	100000	100000	100000	100000	100000	100000	100000	100000	100000	100000	100000	100000	100000	100000	100000	100000	100000	100000	100000	100000	100000	100000
