26
630	288
147	324
545	53	48.0526
459	198	18.449
344	456	26.5286
45	63	86.8575
554	674	23.5549
484	640	29.9845
503	176	14.7927
325	578	8.43591
291	510	28.6959
434	516	11.1404
545	426	21.8401
211	440	29.1989
673	138	51.9819
586	241	23.3786
400	514	10.3227
293	258	50.6977
120	662	46.1996
397	89	44.1038
592	372	22.6765
136	488	31.8744
545	196	17.0739
347	594	9.51922
567	533	33.1651
258	648	34.2087
179	349	13.5202
665	387	23.3189
1e-06	1e-06	1e-06	1e-06	1e-06	1e-06	1e-06	1e-06	1e-06	1e-06	1e-06	1e-06	1e-06	1e-06	1e-06	1e-06	1e-06	1e-06	1e-06	1e-06	1e-06	1e-06	1e-06	1e-06	1e-06	1e-06
100000	100000	100000	100000	100000	100000	100000	100000	100000	100000	100000	100000	100000	100000	100000	100000	100000	100000	100000	100000	100000	100000	100000	100000	100000	100000
