26
305	631
458	515
57	121	33.4821
574	305	30.8714
655	573	14.5627
12	660	60.4066
511	83	15.0598
630	199	22.0996
627	381	17.7066
663	269	27.3883
619	64	8.66594
51	456	44.6902
133	558	2.66255
156	151	34.2168
40	322	52.1402
427	663	50.1896
429	521	9.32739
371	224	23.7533
314	565	25.672
595	58	9.32996
482	183	18.5566
665	348	19.9075
610	582	16.9492
505	378	37.6963
597	143	20.3842
506	131	14.8234
131	566	2.7313
413	179	24.0567
1e-06	1e-06	1e-06	1e-06	1e-06	1e-06	1e-06	1e-06	1e-06	1e-06	1e-06	1e-06	1e-06	1e-06	1e-06	1e-06	1e-06	1e-06	1e-06	1e-06	1e-06	1e-06	1e-06	1e-06	1e-06	1e-06
100000	100000	100000	100000	100000	100000	100000	100000	100000	100000	100000	100000	100000	100000	100000	100000	100000	100000	100000	100000	100000	100000	100000	100000	100000	100000
