26
607	384
436	10
396	341	25.9538
259	268	23.3683
529	232	10.0495
180	392	32.66
339	406	31.7323
67	140	54.5474
485	432	19.9303
196	214	20.2423
279	121	6.20305
426	9	3.54487
222	138	17.0509
264	130	5.46436
450	83	28.9221
508	248	9.19064
36	604	30.9838
536	348	22.6748
415	639	35.9827
138	613	36.3615
95	431	31.4239
482	368	19.8496
651	398	14.9826
620	336	19.0764
37	348	33.8091
539	666	41.0931
301	653	35.1003
195	274	23.3413
1e-06	1e-06	1e-06	1e-06	1e-06	1e-06	1e-06	1e-06	1e-06	1e-06	1e-06	1e-06	1e-06	1e-06	1e-06	1e-06	1e-06	1e-06	1e-06	1e-06	1e-06	1e-06	1e-06	1e-06	1e-06	1e-06
100000	100000	100000	100000	100000	100000	100000	100000	100000	100000	100000	100000	100000	100000	100000	100000	100000	100000	100000	100000	100000	100000	100000	100000	100000	100000
