26
458	96
298	581
637	228	40.4155
18	603	6.78783
103	658	29.0969
7	620	7.84736
323	341	25.609
278	261	9.96038
569	477	49.0911
11	123	31.8123
621	71	14.4848
296	281	8.56576
172	531	2.13527
25	21	33.6634
242	538	20.5018
384	368	25.9463
242	75	48.4671
527	232	33.6996
22	676	17.6045
647	32	15.9444
290	514	19.1041
370	82	34.3151
176	535	1.80933
312	233	15.3921
406	201	34.6877
75	577	20.993
543	326	30.2359
374	452	26.0491
1e-06	1e-06	1e-06	1e-06	1e-06	1e-06	1e-06	1e-06	1e-06	1e-06	1e-06	1e-06	1e-06	1e-06	1e-06	1e-06	1e-06	1e-06	1e-06	1e-06	1e-06	1e-06	1e-06	1e-06	1e-06	1e-06
100000	100000	100000	100000	100000	100000	100000	100000	100000	100000	100000	100000	100000	100000	100000	100000	100000	100000	100000	100000	100000	100000	100000	100000	100000	100000
