26
433	326
406	609
138	52	12.7038
222	86	12.5162
352	299	16.5568
552	58	13.2923
444	555	14.2707
158	546	22.4025
559	338	10.1055
208	159	8.11135
629	589	26.2935
510	109	5.45678
64	105	12.4408
631	481	8.21824
298	636	17.0458
529	375	9.86722
80	145	11.2789
2	510	33.6599
506	212	6.45623
63	226	20.3245
235	612	19.9867
670	470	8.83541
277	296	16.3626
168	82	12.0875
489	105	5.61804
483	193	6.11369
207	129	6.33934
321	544	19.7598
1e-06	1e-06	1e-06	1e-06	1e-06	1e-06	1e-06	1e-06	1e-06	1e-06	1e-06	1e-06	1e-06	1e-06	1e-06	1e-06	1e-06	1e-06	1e-06	1e-06	1e-06	1e-06	1e-06	1e-06	1e-06	1e-06
100000	100000	100000	100000	100000	100000	100000	100000	100000	100000	100000	100000	100000	100000	100000	100000	100000	100000	100000	100000	100000	100000	100000	100000	100000	100000
