26
408	76
485	395
220	191	6.12827
117	364	12.0855
17	661	34.0462
277	181	13.5525
494	653	17.2014
364	234	18.7613
533	505	18.3963
238	49	18.2805
225	338	5.3805
199	179	6.1409
155	23	21.457
27	88	37.9673
440	265	17.4852
571	395	15.5422
173	395	16.8105
606	25	33.7038
511	431	10.5107
108	580	6.50336
123	599	6.30196
130	647	14.3728
550	124	21.89
451	583	23.1318
209	635	18.7104
160	322	15.5339
206	349	5.957
631	159	19.6729
1e-06	1e-06	1e-06	1e-06	1e-06	1e-06	1e-06	1e-06	1e-06	1e-06	1e-06	1e-06	1e-06	1e-06	1e-06	1e-06	1e-06	1e-06	1e-06	1e-06	1e-06	1e-06	1e-06	1e-06	1e-06	1e-06
100000	100000	100000	100000	100000	100000	100000	100000	100000	100000	100000	100000	100000	100000	100000	100000	100000	100000	100000	100000	100000	100000	100000	100000	100000	100000
