26
632	133
567	665
185	502	23.6853
478	197	24.0754
607	456	19.8269
335	554	28.802
225	549	19.7831
132	620	43.5403
425	376	6.31553
583	313	34.0474
507	125	13.426
436	308	23.2913
10	253	13.9965
124	414	34.6602
347	461	35.4567
92	171	36.4857
450	485	15.0481
440	370	4.85622
462	81	11.0227
385	43	33.0945
551	448	16.908
488	510	13.8989
9	297	13.6074
574	215	29.4704
257	415	31.9005
560	496	18.9102
489	93	8.8736
353	192	42.3098
1e-06	1e-06	1e-06	1e-06	1e-06	1e-06	1e-06	1e-06	1e-06	1e-06	1e-06	1e-06	1e-06	1e-06	1e-06	1e-06	1e-06	1e-06	1e-06	1e-06	1e-06	1e-06	1e-06	1e-06	1e-06	1e-06
100000	100000	100000	100000	100000	100000	100000	100000	100000	100000	100000	100000	100000	100000	100000	100000	100000	100000	100000	100000	100000	100000	100000	100000	100000	100000
