26
430	63
11	5
361	354	19.5181
256	202	8.6428
402	271	32.3322
515	530	13.6427
667	459	24.8418
653	590	47.0911
61	481	27.7611
68	295	52.403
404	397	22.9486
586	490	10.8835
610	321	23.7199
477	531	12.6614
547	315	19.179
556	47	14.1895
182	170	16.0183
324	48	41.4438
508	603	28.6739
510	46	17.4101
206	527	21.6323
178	124	18.3871
213	622	33.6398
273	221	7.65841
598	463	10.3011
487	447	25.4132
271	314	34.948
144	504	23.2613
1e-06	1e-06	1e-06	1e-06	1e-06	1e-06	1e-06	1e-06	1e-06	1e-06	1e-06	1e-06	1e-06	1e-06	1e-06	1e-06	1e-06	1e-06	1e-06	1e-06	1e-06	1e-06	1e-06	1e-06	1e-06	1e-06
100000	100000	100000	100000	100000	100000	100000	100000	100000	100000	100000	100000	100000	100000	100000	100000	100000	100000	100000	100000	100000	100000	100000	100000	100000	100000
