26
341	39
375	408
294	487	2.59683
339	223	11.5432
191	173	6.02202
437	493	12.7749
172	53	15.0517
271	476	1.27365
254	454	1.90243
423	14	6.69659
241	441	1.92413
291	220	0.984985
434	153	14.4918
430	420	1.94983
248	241	2.04242
399	103	1.04455
405	355	10.0256
107	70	2.12285
466	71	1.11013
92	105	8.33649
337	19	5.21577
11	245	26.5782
269	159	12.1684
218	299	11.4679
115	184	1.3818
464	56	0.859947
439	51	1.42192
201	227	8.64462
1e-06	1e-06	1e-06	1e-06	1e-06	1e-06	1e-06	1e-06	1e-06	1e-06	1e-06	1e-06	1e-06	1e-06	1e-06	1e-06	1e-06	1e-06	1e-06	1e-06	1e-06	1e-06	1e-06	1e-06	1e-06	1e-06
100000	100000	100000	100000	100000	100000	100000	100000	100000	100000	100000	100000	100000	100000	100000	100000	100000	100000	100000	100000	100000	100000	100000	100000	100000	100000
